This files contains the behavioral limits for LA03 at Langtjern
The performance measure was: MME
The limits are given for the period: 1985/01/01 to 1989/12/31
The uncertainty quantiles are:
0.025,0.05,0.5,0.95,0.975
---------------------------------------------------------------------------------------------------
0.00310893,0.00351204,0.00387441,0.00447925,0.00491603
0.0028361,0.00303127,0.00328967,0.0039212,0.00462115
0.00256708,0.00279513,0.00284425,0.00331358,0.00435431
0.00241219,0.0024148,0.00256225,0.0029992,0.00417587
0.00204878,0.00223508,0.00224234,0.00267279,0.00394324
0.00177515,0.00199871,0.00206589,0.00257617,0.00382227
0.0016106,0.00172196,0.00195661,0.0024694,0.00359332
0.0013466,0.00150334,0.00180917,0.0023731,0.00343431
0.0012811,0.00134386,0.00174703,0.00231472,0.00327767
0.00112109,0.00125306,0.00162299,0.00222119,0.00315443
0.000987898,0.00113154,0.00164473,0.00214807,0.00298993
0.000904406,0.00105324,0.00157966,0.002083,0.00285964
0.000837032,0.000936329,0.00153259,0.00204798,0.0027272
0.000778347,0.00089669,0.00151201,0.00202052,0.00260886
0.000724904,0.000833654,0.00148171,0.00199249,0.00248187
0.000686816,0.000770936,0.00144531,0.00196798,0.00243074
0.000660863,0.000708113,0.00141875,0.00194752,0.00216351
0.000628566,0.000686744,0.00139166,0.00191897,0.0021707
0.000642098,0.000649216,0.00135844,0.00189424,0.00219213
0.000568015,0.000619087,0.00134157,0.00189781,0.00218688
0.000570749,0.000607914,0.00132255,0.00187394,0.00218049
0.00057188,0.000601108,0.00130423,0.0018548,0.00220532
0.000554627,0.000582185,0.00128012,0.00183214,0.00215613
0.000513004,0.000580731,0.00127751,0.00181648,0.00212731
0.000501238,0.000565217,0.00126487,0.00180388,0.00215876
0.000488997,0.000553997,0.00123942,0.00178648,0.0021022
0.000481125,0.000544466,0.00121222,0.00177243,0.00209966
0.000468199,0.000528858,0.00122786,0.00175853,0.00199107
0.000462765,0.000504349,0.00123329,0.0017353,0.00196839
0.000450832,0.000517898,0.00120043,0.00172514,0.00192829
0.000437414,0.000539759,0.00118465,0.00170537,0.00193457
0.000443971,0.000524132,0.00112283,0.00168517,0.00192133
0.000440477,0.000517485,0.00112298,0.00167077,0.00190341
0.000433077,0.00051217,0.00116851,0.00165168,0.0018833
0.000416909,0.000523655,0.00116725,0.00159304,0.00187156
0.000401344,0.000509282,0.00117899,0.00165108,0.00186491
0.000404862,0.000516198,0.00116588,0.00162486,0.00186877
0.000391128,0.000512598,0.00117826,0.00160844,0.00184117
0.000396191,0.000484804,0.00117006,0.0016108,0.0018285
0.000388842,0.0005092,0.00113541,0.00160965,0.0018028
0.000383228,0.000510511,0.00114184,0.00156622,0.00178597
0.000383384,0.000502409,0.00113441,0.0015632,0.00182369
0.000379648,0.000500217,0.00118844,0.00155279,0.0018197
0.000376848,0.000497009,0.00118619,0.00160688,0.0017925
0.000373477,0.000497032,0.00112849,0.00154755,0.00178412
0.000383028,0.000523995,0.00113786,0.00153253,0.0016996
0.00038137,0.000517906,0.00112161,0.0015064,0.00155031
0.000375261,0.00051899,0.0011059,0.0014632,0.00163243
0.000368052,0.000469664,0.00108803,0.00146564,0.00160762
0.000362207,0.000468471,0.00107113,0.0014815,0.00156574
0.000358431,0.0004734,0.00107188,0.00147181,0.0015458
0.00035795,0.000475929,0.000999276,0.00145944,0.00152856
0.000327671,0.000469887,0.00105926,0.00143984,0.00155716
0.000324593,0.000470188,0.00105342,0.00143438,0.00158281
0.000322249,0.000467486,0.00102193,0.00141478,0.00147842
0.000319393,0.000468064,0.00095787,0.00140197,0.00148075
0.00031703,0.000464174,0.000988911,0.00139246,0.00144119
0.000312414,0.000458826,0.00104553,0.0013779,0.00147928
0.000307995,0.000455897,0.000941905,0.00137339,0.00146735
0.000300914,0.000457829,0.00102179,0.00136021,0.00145758
0.000300587,0.00046132,0.000946083,0.00135049,0.00146404
0.000296602,0.000459748,0.000922494,0.00133906,0.00144743
0.000298895,0.000461486,0.000919797,0.0013319,0.00144959
0.000295402,0.000457818,0.000928195,0.00132183,0.00142234
0.00030339,0.000455236,0.000916109,0.00130841,0.00144745
0.000303928,0.000461913,0.000919071,0.00129979,0.00143409
0.000306211,0.000471285,0.000905341,0.00129318,0.00143875
0.000302408,0.000475449,0.000903696,0.00128355,0.00142286
0.000271418,0.000463075,0.000924471,0.00127647,0.00140993
0.000278715,0.000463812,0.000945217,0.00125578,0.00142218
0.000839781,0.00111039,0.00299378,0.00730608,0.0124526
0.000971005,0.00249134,0.00327963,0.00756744,0.0112325
0.000827456,0.00364713,0.00371209,0.00623818,0.0106337
0.000826031,0.00298706,0.00373948,0.00534779,0.00884927
0.000918715,0.00277155,0.00338363,0.0047251,0.00597403
0.000905206,0.00250454,0.00284525,0.00408737,0.00616938
0.000926309,0.00238852,0.00267511,0.00363482,0.00590721
0.000969781,0.00197733,0.00254622,0.00317204,0.00544707
0.000929636,0.00173741,0.00227341,0.00289914,0.00490103
0.000940827,0.0014955,0.00208175,0.00263866,0.00427029
0.000939237,0.0013672,0.00184629,0.00240429,0.00368614
0.000915253,0.00134554,0.00160124,0.00212042,0.00313782
0.000903975,0.00122826,0.00138899,0.00184066,0.00317987
0.000944038,0.00116922,0.00128481,0.00178001,0.00273232
0.00103995,0.00107373,0.00120233,0.00171121,0.00265921
0.000937583,0.000968919,0.00119183,0.00167908,0.00256453
0.000807545,0.000909318,0.0011036,0.00161058,0.00228539
0.000751936,0.00102248,0.00106492,0.00151236,0.00219187
0.00071294,0.000910195,0.00104352,0.00141605,0.00206365
0.000659217,0.000853752,0.00103827,0.00130392,0.00198366
0.000626075,0.000865472,0.000958244,0.00130287,0.00185446
0.00468971,0.00552394,0.00719876,0.00968688,0.0118067
0.0045872,0.00549281,0.00638522,0.00886916,0.0109405
0.00467477,0.00545973,0.00665601,0.00758788,0.00963496
0.00443584,0.00494161,0.00537,0.00669916,0.0077655
0.00400146,0.00425415,0.00500244,0.00605554,0.00635036
0.00328128,0.00382225,0.00448785,0.00504927,0.00549592
0.00274939,0.00348125,0.00360496,0.00442692,0.0055509
0.00249615,0.00302936,0.0033051,0.00389127,0.00462459
0.00220717,0.00250536,0.00284019,0.00345247,0.00410507
0.00199185,0.00216268,0.0023601,0.00307973,0.00358599
0.00170979,0.00194136,0.00222865,0.00271653,0.00300506
0.00203619,0.0020716,0.00259532,0.00286673,0.00330157
0.00301533,0.00361777,0.00383649,0.00467389,0.00553624
0.00373808,0.00487544,0.00587874,0.00847935,0.011492
0.00303482,0.00700849,0.00804973,0.0129676,0.0195467
0.00460773,0.0107286,0.0124538,0.0184391,0.0319191
0.00485738,0.0142162,0.0165989,0.0234017,0.040033
0.00568325,0.0139976,0.0175734,0.0200407,0.0345613
0.0170689,0.0206308,0.024894,0.0321528,0.0368541
0.0216561,0.0252108,0.0342157,0.0432301,0.0542017
0.0214278,0.0258777,0.0280813,0.0351023,0.0451964
0.0172087,0.0211462,0.0221687,0.029725,0.0409697
0.0134838,0.0196186,0.0222115,0.0315835,0.0404643
0.0106616,0.0154643,0.019186,0.0285923,0.0341665
0.00715227,0.011335,0.0166781,0.0248608,0.0330998
0.00489182,0.00843097,0.0145924,0.0208867,0.0292224
0.00407787,0.00635834,0.0122209,0.0174551,0.0257421
0.00345807,0.00513981,0.0116461,0.0179281,0.0292946
0.00257021,0.00453615,0.0114589,0.0184252,0.0286789
0.00271006,0.00473152,0.0104689,0.0172896,0.0263275
0.00549976,0.006567,0.0107143,0.0173718,0.0243035
0.00701421,0.00799239,0.0113526,0.0179336,0.0236629
0.0057279,0.00628553,0.0121945,0.0182262,0.0206119
0.00398964,0.00548825,0.0102486,0.0169421,0.018498
0.0152449,0.0199333,0.0265068,0.0410142,0.0436146
0.0406894,0.0581047,0.0736297,0.107929,0.118027
0.0615971,0.0761916,0.113208,0.172452,0.195642
0.077722,0.0931568,0.121446,0.158297,0.208354
0.095781,0.110441,0.134528,0.171007,0.258526
0.0848983,0.104949,0.146764,0.179594,0.238235
0.0887387,0.123043,0.157916,0.176808,0.198334
0.0913547,0.118047,0.155209,0.176494,0.202096
0.0720465,0.117797,0.158737,0.181501,0.253543
0.0702824,0.0934489,0.134023,0.177343,0.195203
0.0572144,0.0750809,0.0932047,0.12301,0.166778
0.0403974,0.0515633,0.0781116,0.101503,0.137166
0.0223316,0.0305626,0.0676366,0.0803556,0.108537
0.0165812,0.0257359,0.0509071,0.0650139,0.0682581
0.0121347,0.0245925,0.0377833,0.0551089,0.0588872
0.00783264,0.0234481,0.0289535,0.0447742,0.0512358
0.00519944,0.0158272,0.0268149,0.0353475,0.0432492
0.00700224,0.01252,0.0260552,0.028985,0.0377043
0.00454683,0.00976298,0.0212044,0.0254283,0.0324864
0.00916418,0.0109915,0.0233471,0.0251793,0.0296409
0.00683633,0.0093353,0.0173395,0.0229436,0.0259311
0.00423107,0.00755187,0.0153294,0.0201874,0.0221483
0.00274449,0.0058654,0.0127273,0.018023,0.0184171
0.00217255,0.00460932,0.0109625,0.0149148,0.0161472
0.00190398,0.00387795,0.00906288,0.0123686,0.0128786
0.00157627,0.00338365,0.00761728,0.00979361,0.0106621
0.00164325,0.0028768,0.00607088,0.00700439,0.0088412
0.00141776,0.00261703,0.00497616,0.00598031,0.0073543
0.00117044,0.00246856,0.00404446,0.00520498,0.00602305
0.0012045,0.00241593,0.00336632,0.00446484,0.00525178
0.0011414,0.00187027,0.00281213,0.00399738,0.00490905
0.00141974,0.00231752,0.00314335,0.00419087,0.00490823
0.0115966,0.0131911,0.0158783,0.019645,0.0211979
0.01412,0.0161326,0.0187341,0.0252623,0.0275735
0.0130499,0.013842,0.0160598,0.0195888,0.0224356
0.0126604,0.0139609,0.0157673,0.0186606,0.0214508
0.0101554,0.0116875,0.0136348,0.0152847,0.0176879
0.00650912,0.00899904,0.0111461,0.0124616,0.0132134
0.00836209,0.0116324,0.0133113,0.0140055,0.0160937
0.00595777,0.00945931,0.0109037,0.0117156,0.0130075
0.00645091,0.00982128,0.0116645,0.0127734,0.0131652
0.00904609,0.0110343,0.0130735,0.0142127,0.0152718
0.0052699,0.00872545,0.0107616,0.0113593,0.0133301
0.00357796,0.00739432,0.00854609,0.00965359,0.0100675
0.00226634,0.0060023,0.00705416,0.00751555,0.00886651
0.00345027,0.00541936,0.00626178,0.00684002,0.00869114
0.00376068,0.00433327,0.0054976,0.00612117,0.00817059
0.00390741,0.0051496,0.00682244,0.00803388,0.00951914
0.00302117,0.00428836,0.00517753,0.00634838,0.00807495
0.00688175,0.00955528,0.0119714,0.0149372,0.0171011
0.00611634,0.00770429,0.00924535,0.0121267,0.014442
0.00635743,0.00684454,0.00874197,0.0114399,0.0140089
0.0129937,0.0161702,0.0209153,0.0267709,0.0280623
0.0177534,0.0186973,0.0231815,0.0305939,0.0317844
0.0196821,0.0214069,0.0238942,0.0311873,0.032284
0.0160256,0.0175811,0.0202198,0.022752,0.0257401
0.0182206,0.0192065,0.021845,0.0256292,0.0282951
0.0108465,0.0150648,0.0166893,0.0210819,0.0231843
0.00693079,0.0124466,0.0135966,0.0158876,0.0193754
0.00502204,0.0102241,0.0116397,0.0132001,0.0168363
0.00300457,0.00757636,0.00927326,0.011158,0.0143071
0.00180948,0.00566519,0.00727831,0.00952405,0.0122498
0.0017816,0.00437823,0.00589002,0.0079411,0.0108065
0.00417769,0.00666631,0.00705246,0.00868658,0.0102853
0.00368197,0.00520422,0.00599475,0.00697864,0.00911512
0.00282876,0.00375856,0.00481037,0.00578672,0.00797848
0.00298833,0.00424919,0.00518507,0.00636548,0.00792568
0.0021417,0.0029422,0.00389206,0.0053367,0.00759856
0.00263429,0.00338903,0.00501423,0.00617008,0.00716745
0.0019397,0.00278942,0.0033081,0.00521794,0.00668521
0.0087816,0.0105882,0.0145024,0.0177593,0.0195089
0.00711309,0.00947054,0.0120672,0.0141079,0.01583
0.00526511,0.00814337,0.00963519,0.013199,0.0158757
0.00349374,0.00681758,0.00781148,0.0100585,0.0129662
0.0150328,0.0161159,0.0207591,0.0272001,0.0287505
0.0462627,0.0630733,0.0765414,0.0916346,0.135594
0.0351369,0.0383236,0.0507829,0.0666657,0.0731282
0.0309807,0.0389539,0.0422002,0.0470479,0.0519819
0.0272495,0.0301335,0.0332184,0.0355975,0.0420131
0.0209705,0.0223331,0.0245077,0.0280447,0.0358014
0.0151187,0.0170168,0.0196068,0.0206856,0.0307599
0.00968524,0.0117517,0.0159801,0.0173582,0.026459
0.00623928,0.00860458,0.0133485,0.0144096,0.0217856
0.00261465,0.00635627,0.0109549,0.0126164,0.018373
0.00197518,0.00456126,0.00915663,0.010873,0.0150346
0.00476534,0.00836615,0.0101025,0.0128144,0.0158687
0.00429086,0.00847424,0.00916907,0.0119755,0.0141236
0.00406384,0.00640287,0.00736956,0.00980231,0.0123589
0.00253755,0.00496768,0.00605003,0.00788546,0.0103143
0.00293227,0.00499144,0.00567881,0.00640372,0.00869507
0.00269172,0.00440577,0.00501093,0.00551069,0.00860897
0.00575974,0.00762407,0.00878258,0.0124407,0.0134202
0.0176912,0.0196554,0.0259963,0.0331961,0.0344082
0.0219243,0.0229747,0.0277164,0.0375148,0.0392559
0.0205391,0.0212103,0.0239757,0.0281322,0.0308281
0.0161338,0.0165883,0.0183741,0.0230173,0.0241174
0.00736266,0.0133298,0.0147831,0.0180607,0.0214142
0.00890016,0.0145062,0.0168452,0.0183952,0.0244293
0.0285048,0.032382,0.0397017,0.0450501,0.0475827
0.0258818,0.0306251,0.0330053,0.0362512,0.0408696
0.0224523,0.0238645,0.0253041,0.0293012,0.0329114
0.0306435,0.0336198,0.0392963,0.0406771,0.0483619
0.0268217,0.0283837,0.0306999,0.0341706,0.0361886
0.0213134,0.0215971,0.0235456,0.0264713,0.0328204
0.0139816,0.0155138,0.018763,0.0204848,0.0292109
0.0122901,0.0187423,0.0200845,0.0206201,0.0307884
0.0241094,0.0251771,0.0275483,0.0291368,0.0372866
0.0212463,0.0220368,0.0243572,0.0267658,0.035189
0.0141478,0.0175519,0.0199484,0.0213122,0.0278279
0.0102398,0.0122382,0.0156571,0.0179235,0.0244408
0.00813556,0.0110731,0.0129468,0.0158604,0.0199211
0.0267024,0.0304414,0.0357431,0.0362037,0.0427271
0.0269157,0.0293555,0.0326377,0.0365042,0.0414557
0.0243437,0.0253895,0.027394,0.030686,0.0364248
0.0174847,0.0182582,0.020763,0.0230971,0.0284401
0.0138129,0.0147397,0.0168969,0.0193239,0.024333
0.00951422,0.011826,0.0135276,0.0167833,0.0209771
0.00595622,0.00725367,0.0109907,0.0143229,0.0180163
0.00408024,0.00544532,0.00928351,0.0123235,0.0162307
0.00272175,0.003849,0.00775056,0.0105132,0.0123089
0.00171124,0.00434483,0.00666259,0.00927248,0.0102139
0.0103486,0.0118951,0.0143522,0.0173692,0.0183126
0.0101185,0.0113126,0.0130148,0.0142328,0.0149018
0.0206205,0.0227661,0.0262658,0.0299536,0.0315885
0.0769817,0.0804464,0.10324,0.151544,0.195279
0.0543698,0.0601379,0.0679372,0.0882343,0.103759
0.0419742,0.047639,0.0536606,0.0659955,0.0697112
0.033524,0.0351909,0.0414219,0.0485284,0.0505469
0.0267969,0.0283852,0.0323628,0.0351999,0.0433045
0.0218743,0.0242675,0.0265447,0.0286292,0.0376865
0.015054,0.0185543,0.0218525,0.0241601,0.0327164
0.0160236,0.0179368,0.0203303,0.023924,0.0302193
0.0104784,0.0138267,0.0166257,0.0189708,0.0256937
0.00744028,0.0104666,0.0140731,0.016677,0.0210928
0.00533331,0.0081972,0.0119881,0.0145611,0.0172654
0.00489071,0.0063318,0.0101749,0.012874,0.0142497
0.0044108,0.00566992,0.0089861,0.0113853,0.0116677
0.013529,0.0146377,0.015524,0.0174137,0.0184687
0.0120457,0.0127185,0.0134749,0.0149274,0.0157948
0.0102202,0.0111885,0.0123082,0.0132634,0.0142289
0.00824772,0.00897604,0.0103545,0.0119714,0.0124275
0.00694586,0.00725282,0.0085925,0.00989817,0.0111017
0.00574438,0.00593233,0.00727249,0.00915878,0.00940072
0.00467234,0.00504293,0.00646832,0.0080449,0.00860059
0.00303265,0.00436208,0.00517787,0.00686866,0.00759204
0.00231155,0.00389553,0.00486824,0.00590075,0.00696084
0.00193133,0.00366605,0.00456901,0.00522634,0.00646973
0.00695567,0.00941811,0.00999573,0.0113364,0.0119861
0.00481457,0.00663325,0.00778295,0.00975177,0.0104549
0.00273264,0.00579897,0.00614536,0.00882115,0.00924084
0.00199374,0.00493394,0.00517329,0.00761082,0.00797294
0.00378074,0.00648573,0.00855619,0.0113386,0.0115847
0.00395629,0.00556516,0.00770654,0.0100724,0.0105291
0.00300479,0.00547022,0.00665466,0.00894334,0.00910513
0.0100362,0.0121337,0.0140043,0.0178268,0.0190883
0.00989191,0.0115904,0.0142827,0.0165888,0.0176007
0.0103935,0.0103963,0.0115575,0.0137182,0.014756
0.0077046,0.00851555,0.00930177,0.0112796,0.0129752
0.00609718,0.00673206,0.00814267,0.00879403,0.0113763
0.00458695,0.00575836,0.00667353,0.00785119,0.0101993
0.00416226,0.00518681,0.00596107,0.00694853,0.00950605
0.00188964,0.00375207,0.00452298,0.00535598,0.00823595
0.00134688,0.00348407,0.00378736,0.00453829,0.00639796
0.00116003,0.00246513,0.00327211,0.00384353,0.00509758
0.000996784,0.00207325,0.00292966,0.00380442,0.00459309
0.000892545,0.00186102,0.00257453,0.00373219,0.00397973
0.000839226,0.00166401,0.00228688,0.00338934,0.00368133
0.000846277,0.00157874,0.00203407,0.00326175,0.00343816
0.00073255,0.00160865,0.00186754,0.0030724,0.00327426
0.000723798,0.00148862,0.00178397,0.00295201,0.00326158
0.000675523,0.00129182,0.00156828,0.00276137,0.00313124
0.000639995,0.00118463,0.00145534,0.00268672,0.00311229
0.00068726,0.00112177,0.00140069,0.00261751,0.00306893
0.000668524,0.00105466,0.00136875,0.00258646,0.00311233
0.000593462,0.00096456,0.00135513,0.00250984,0.00296042
0.000579695,0.000943603,0.00132143,0.00249454,0.00288696
0.00057562,0.000867192,0.00132615,0.00242084,0.00283521
0.000545717,0.000654749,0.00129329,0.00228698,0.00287731
0.000526504,0.000627428,0.00129062,0.00224555,0.00267511
0.000566472,0.00063409,0.00127837,0.00220939,0.00254498
0.000477967,0.000584814,0.00126028,0.00218587,0.00255169
0.000412226,0.000632748,0.00124886,0.00214967,0.00244112
0.000463179,0.000652017,0.00123945,0.00212405,0.00243647
0.000431622,0.000638317,0.00121661,0.00211005,0.00249174
0.000407028,0.0006257,0.00129828,0.00210639,0.00248268
0.000380782,0.000622591,0.00129206,0.00209486,0.00250192
0.000389939,0.00058599,0.00131343,0.00207561,0.00246882
0.000373096,0.000589305,0.00129511,0.0020769,0.00246054
0.000396795,0.000579769,0.00130051,0.00207159,0.00242099
0.000382527,0.000610714,0.00129996,0.0020805,0.00241171
0.000379877,0.000596825,0.00131151,0.00205482,0.00244415
0.000377252,0.000589056,0.00128872,0.0020245,0.00242702
0.000391258,0.000561227,0.00129075,0.00199272,0.00240967
0.000388314,0.000529329,0.00128678,0.00197703,0.00243117
0.0003881,0.000522115,0.00128099,0.00195825,0.00253995
0.000387641,0.000523392,0.00127192,0.00192679,0.00246326
0.000381918,0.000515742,0.00127475,0.00191122,0.00249808
0.000378812,0.00051847,0.00126614,0.00189235,0.00241299
0.000379062,0.000536291,0.00126022,0.00186944,0.00232254
0.000376267,0.00053463,0.00125334,0.00187924,0.00229899
0.000372423,0.000533372,0.00123724,0.00186028,0.00231974
0.000368259,0.000528996,0.00126323,0.00182406,0.002241
0.00035098,0.000533062,0.00126828,0.00183011,0.00224118
0.000352463,0.000496783,0.00125447,0.00179778,0.00225256
0.000350472,0.000497466,0.00123775,0.00185338,0.00226078
0.000349126,0.000496638,0.00124495,0.00177889,0.00224524
0.000341873,0.000488852,0.00124692,0.00176935,0.00222722
0.00034083,0.000482331,0.00123673,0.00175221,0.00222986
0.000339846,0.0004755,0.00121864,0.00177499,0.00219226
0.000337696,0.000502881,0.00120153,0.00177048,0.00220123
0.000357994,0.000454519,0.00117417,0.00176995,0.00217538
0.000356029,0.0004582,0.00119807,0.00176432,0.00214325
0.000351064,0.000463408,0.0011966,0.00174516,0.00213736
0.000340492,0.000492083,0.00118836,0.00173389,0.00213052
0.000336941,0.000488245,0.0011772,0.00172692,0.00212022
0.000327364,0.000467867,0.00112825,0.00168538,0.00211799
0.000321199,0.00050635,0.00111383,0.00167597,0.00211247
0.000319285,0.000498782,0.00114615,0.00166322,0.00211124
0.000323036,0.000483304,0.00113179,0.00165945,0.00206933
0.000323168,0.000479766,0.00113794,0.00162314,0.00206851
0.000324607,0.000476536,0.00113952,0.00161719,0.00204141
0.000318927,0.000444964,0.00116007,0.00160864,0.00204946
0.000316937,0.000461217,0.00116223,0.00159195,0.00203686
0.000315428,0.000457652,0.00115373,0.00158236,0.00201334
0.000324638,0.000450403,0.00114367,0.00156016,0.00200902
0.00030163,0.000473096,0.0011297,0.00154688,0.00199815
0.000325243,0.00048047,0.00111509,0.00153958,0.00197933
0.000297424,0.000480979,0.0011173,0.00153222,0.00196481
0.000297071,0.000465546,0.00112261,0.00154047,0.00194738
0.000301327,0.000487344,0.00111133,0.00153259,0.00192728
0.000314295,0.000474179,0.0011063,0.00151565,0.001877
0.000334246,0.000415793,0.00109612,0.00152298,0.00164508
0.000328187,0.000429868,0.0011074,0.00149233,0.00179756
0.000321846,0.000437271,0.0010911,0.00149026,0.0016207
0.000319742,0.000435629,0.00107801,0.00139577,0.00160108
0.000318002,0.000429302,0.000980978,0.00137006,0.00162213
0.000319403,0.000428072,0.000888357,0.00139236,0.00159081
0.000325392,0.0004023,0.000797419,0.00138266,0.00159003
0.000318025,0.000428348,0.000724809,0.00136761,0.00159505
0.000287771,0.00042392,0.000652104,0.00135741,0.00157658
0.000291412,0.000422774,0.000587825,0.00135017,0.00157076
0.000267652,0.000461824,0.000538779,0.00133905,0.00156377
0.000267545,0.00041939,0.000508256,0.00133083,0.00155898
0.000264701,0.000403239,0.000488923,0.00133252,0.00154458
0.000261324,0.00039977,0.000463143,0.00136621,0.001517
0.000257526,0.000388495,0.000424896,0.00135073,0.00150959
0.000258917,0.000380315,0.000450441,0.00138544,0.00148665
0.000257345,0.000395977,0.000424045,0.0013497,0.00148574
0.000283138,0.00035357,0.000433655,0.00133141,0.0014851
0.000268839,0.000356062,0.000413567,0.0013174,0.00147718
0.000263568,0.000374453,0.000410714,0.00128712,0.00146815
0.000286036,0.000373151,0.000397939,0.00125587,0.00145724
0.000310384,0.00035158,0.000393366,0.00124649,0.00144689
0.000332839,0.000344975,0.000391044,0.00125264,0.00143326
0.000291768,0.00032905,0.000390411,0.00127324,0.0014047
0.000255779,0.000315741,0.000387633,0.00126247,0.00139117
0.00026148,0.000305437,0.000389272,0.00123481,0.00138591
0.000259545,0.000294147,0.000385306,0.00125609,0.00137574
0.000254499,0.000279032,0.000388681,0.00125097,0.00136219
0.00024123,0.000272187,0.00038647,0.00124304,0.00134793
0.000238674,0.000276135,0.000383777,0.00123538,0.00132705
0.000238359,0.00028126,0.000382514,0.00119986,0.00133682
0.000228089,0.000275678,0.000378872,0.00119342,0.00133122
0.000226394,0.000271392,0.000378065,0.00119229,0.00132243
0.000220399,0.000267604,0.000383069,0.00118699,0.0013075
0.000213213,0.000270598,0.000386996,0.00118775,0.00132789
0.000206041,0.000267379,0.000397483,0.0011808,0.00129759
0.0001986,0.000265398,0.000393172,0.00117191,0.00128275
0.000193946,0.000263418,0.000391251,0.00117874,0.00145211
0.000187664,0.000261732,0.000388528,0.00115806,0.00131347
0.000181577,0.000259717,0.000390656,0.00115979,0.00133423
0.000174598,0.000261679,0.000392648,0.00115528,0.00132854
0.000169483,0.000259751,0.000391583,0.00115077,0.0013095
0.00016417,0.000259066,0.00038564,0.00115124,0.00131002
0.000158912,0.000257119,0.000383856,0.0011401,0.00124178
0.000154573,0.000256149,0.000383507,0.00113543,0.00125137
0.000149783,0.000254523,0.000384128,0.00112987,0.00124412
0.000145092,0.000252897,0.000380995,0.00112329,0.00122795
0.000140902,0.000251145,0.000377555,0.00111978,0.0012265
0.000136437,0.000249472,0.000371328,0.00111824,0.00122335
0.00013262,0.000247675,0.000376786,0.00115501,0.00117184
0.000126711,0.000257985,0.000377003,0.00115762,0.00118994
0.000123447,0.000258104,0.00037644,0.00115442,0.00118019
0.00011957,0.00025668,0.000369956,0.00115011,0.00116127
0.000117378,0.000255814,0.00036749,0.00109979,0.00121052
0.000116283,0.00025461,0.000365814,0.00109622,0.00120785
0.000113242,0.000252937,0.000364549,0.00109257,0.00119482
0.000110104,0.000251392,0.000363276,0.00108668,0.00119365
0.000106706,0.000250058,0.000362666,0.00107181,0.00117531
0.00010356,0.000248525,0.000362691,0.00106796,0.00117642
0.000100869,0.000244142,0.000363049,0.00106008,0.00116994
9.79492e-005,0.000240847,0.00036373,0.00105527,0.00116343
9.42111e-005,0.000243769,0.00036224,0.0010446,0.00115591
9.11605e-005,0.000242297,0.000360712,0.00103984,0.00114926
8.87262e-005,0.000240899,0.000362336,0.00102799,0.00112713
8.72293e-005,0.00024007,0.000359708,0.00101251,0.00112311
8.48471e-005,0.000238668,0.000358219,0.00100583,0.00111953
8.16655e-005,0.000236835,0.000356946,0.0009988,0.00111053
7.91149e-005,0.000235437,0.000356119,0.000999875,0.00110848
7.63345e-005,0.000231669,0.000365891,0.000997721,0.00111846
7.28956e-005,0.000230144,0.000367062,0.000982308,0.00112302
7.05033e-005,0.000227567,0.00036299,0.000995718,0.00110148
6.59468e-005,0.000232154,0.00041157,0.000994861,0.00111185
6.34031e-005,0.00022789,0.000419401,0.0010169,0.00111283
6.0859e-005,0.000226548,0.00042567,0.00104931,0.00109344
6.15478e-005,0.000239011,0.000674811,0.00105007,0.00106944
5.97136e-005,0.000238117,0.000661557,0.00101127,0.00114101
4.78338e-005,0.000282495,0.00065922,0.00100517,0.00122453
5.12573e-005,0.000294289,0.000655664,0.000991124,0.00121921
5.1231e-005,0.000331868,0.000645592,0.000990726,0.00116392
4.82487e-005,0.000325831,0.000630523,0.000986426,0.00111197
4.33969e-005,0.000332862,0.000623841,0.000987261,0.0010975
4.30493e-005,0.000331283,0.000621058,0.000974871,0.00109045
4.04214e-005,0.000330404,0.000620444,0.000981732,0.00105358
3.81317e-005,0.000333473,0.000618287,0.000971334,0.0010673
3.64599e-005,0.000331711,0.000618109,0.000972252,0.00107466
3.77369e-005,0.000332012,0.000612081,0.000966781,0.00106796
3.5701e-005,0.00035103,0.000612388,0.000959783,0.00105776
6.69612e-005,0.000340002,0.000633846,0.000959874,0.00117848
3.87172e-005,0.000351122,0.000619876,0.000958048,0.00113289
0.000240693,0.000539104,0.000719031,0.00123411,0.00885616
0.000250732,0.000615719,0.000720634,0.00124236,0.00181211
0.000176962,0.000702946,0.00108375,0.00151682,0.00519876
0.0001785,0.000708486,0.00110488,0.00194325,0.00440882
0.000209005,0.00069221,0.00109829,0.00215443,0.00334375
0.000260168,0.000731013,0.0010519,0.00214087,0.00259697
0.000284854,0.000711138,0.0010159,0.00187889,0.00230993
0.000333521,0.000698045,0.000985137,0.00177484,0.00206322
0.000367793,0.000686146,0.000937629,0.00142361,0.0018474
0.00091659,0.00129376,0.00183129,0.0023176,0.00269701
0.00103522,0.0012197,0.00163136,0.00236323,0.002841
0.000931908,0.00120222,0.00148213,0.00208351,0.00292062
0.000819478,0.00116589,0.00134405,0.00185578,0.00267612
0.00081793,0.00112724,0.00123068,0.0015417,0.0024529
0.000781541,0.000973713,0.00108226,0.00137342,0.00208493
0.000772873,0.000943369,0.000976502,0.0012546,0.00211888
0.00063518,0.000787362,0.000922905,0.00117476,0.00210087
0.000535957,0.000726087,0.000880283,0.00115676,0.00207071
0.000493442,0.000693582,0.000706419,0.00108763,0.00200336
0.000417666,0.000633114,0.000742164,0.0010401,0.00197358
0.000411264,0.00060009,0.00074935,0.00102204,0.0018611
0.000380036,0.000609466,0.000725893,0.000973437,0.00169785
0.000332031,0.000607837,0.000710158,0.000871599,0.00161886
0.000294495,0.00053907,0.000696631,0.000915814,0.00153945
0.000276223,0.000472714,0.000705127,0.000944168,0.00150069
0.000263778,0.000452457,0.000713763,0.000950699,0.00142163
0.000264052,0.00041627,0.000692852,0.000935916,0.00134804
0.000255445,0.0003965,0.000665416,0.000932466,0.00128037
0.000234931,0.000366888,0.00063016,0.000917319,0.0014618
0.000249346,0.000335065,0.000614233,0.000893037,0.001432
0.000215442,0.000321901,0.000589473,0.000891563,0.00137405
0.000220224,0.0003042,0.000573857,0.000908224,0.0013552
0.000229327,0.000293643,0.000565406,0.000901081,0.00134921
0.000560765,0.000708118,0.00104759,0.00201874,0.00256324
0.000898211,0.00476315,0.00902749,0.0192208,0.0242986
0.00135558,0.00751772,0.00997331,0.0151639,0.024875
0.00811872,0.0158677,0.0273044,0.0367967,0.0432981
0.0175665,0.0277973,0.0385,0.0496451,0.0629898
0.0208763,0.0283848,0.0368975,0.0542755,0.0698079
0.0329238,0.0382273,0.0730328,0.10184,0.123946
0.0399738,0.0459129,0.0863385,0.10672,0.142475
0.0638985,0.0780425,0.105524,0.131146,0.204862
0.113578,0.119714,0.139071,0.173758,0.267156
0.101185,0.13429,0.159829,0.174345,0.212176
0.114499,0.136625,0.15969,0.175225,0.211515
0.0891716,0.120582,0.136401,0.170976,0.202253
0.0614077,0.0908863,0.101041,0.118044,0.150437
0.0490116,0.0708624,0.0847047,0.102376,0.120775
0.0475369,0.0619363,0.0780239,0.0867978,0.103238
0.0305459,0.0384549,0.0559493,0.0728708,0.0849901
0.0413094,0.0509901,0.061573,0.0774169,0.0824112
0.0445585,0.0516012,0.0594456,0.0735118,0.077528
0.0352524,0.0448719,0.0538103,0.0622438,0.0662632
0.0278685,0.036218,0.0402165,0.0518508,0.0553805
0.0195461,0.030818,0.0354155,0.0433613,0.0437781
0.0327389,0.0340921,0.0430913,0.0472568,0.0526258
0.0264082,0.0309345,0.0351294,0.0400143,0.0400769
0.0173385,0.0261767,0.0286196,0.032666,0.0341019
0.0193083,0.02723,0.0284109,0.0312983,0.0335831
0.0117822,0.0204894,0.0223929,0.0253052,0.0297296
0.00960364,0.0139935,0.018642,0.0216861,0.0268066
0.0174823,0.0265738,0.0284434,0.0301557,0.03125
0.0161362,0.0206989,0.0241156,0.025562,0.0262747
0.0118823,0.0178995,0.0196678,0.022094,0.0242211
0.00941752,0.0125058,0.0156136,0.0186958,0.0221888
0.00706277,0.00882212,0.0132851,0.0159697,0.0198589
0.00601765,0.0065119,0.011335,0.0140287,0.017101
0.00791775,0.0098541,0.0130935,0.0161011,0.016894
0.0060479,0.00846255,0.0103198,0.0135739,0.0142361
0.00385079,0.00695505,0.00889204,0.0119021,0.012683
0.00279446,0.00567013,0.00754077,0.0102796,0.0108792
0.00321053,0.00457101,0.00627421,0.00853709,0.00917976
0.00237014,0.00461812,0.00595689,0.00746821,0.00751653
0.0019206,0.00439849,0.00450345,0.00644778,0.00666484
0.00522415,0.00657962,0.00742571,0.00882466,0.00955426
0.00933833,0.0114989,0.0141552,0.0168441,0.0186485
0.00836691,0.00893218,0.0116783,0.0127494,0.0156539
0.0119116,0.0155712,0.0168228,0.0213205,0.0216133
0.0121081,0.0149413,0.0162707,0.0189751,0.0214217
0.010534,0.0123203,0.0132359,0.014825,0.0170352
0.00896624,0.0108181,0.0112161,0.012853,0.0138677
0.00545266,0.00764561,0.00921608,0.0103122,0.0115184
0.00447438,0.00583471,0.00739268,0.00884985,0.00970986
0.00373402,0.00476138,0.00573647,0.00740005,0.00871299
0.00328218,0.00421309,0.00463704,0.0063494,0.00737725
0.00272504,0.00298892,0.00383611,0.00495013,0.00610356
0.00189583,0.00233407,0.00315865,0.00419779,0.00513153
0.0010793,0.00185589,0.00249747,0.00402839,0.00454602
0.000840169,0.00124546,0.00216262,0.00302012,0.00408924
0.00914893,0.00972775,0.0131176,0.0153797,0.018369
0.00641113,0.00840379,0.0101175,0.0117469,0.0145926
0.00494832,0.00580966,0.00791749,0.00968145,0.0127347
0.00321787,0.0047025,0.00632753,0.00783456,0.0112439
0.00207607,0.00383918,0.00523285,0.00628865,0.00850822
0.00153852,0.00313689,0.00433001,0.00499493,0.00633838
0.00123252,0.00220094,0.00333153,0.00423802,0.00493607
0.00114595,0.0014043,0.00264659,0.00339604,0.00397562
0.000981061,0.00098153,0.0021438,0.0031209,0.0034673
0.00081535,0.00091272,0.00180103,0.00284638,0.00311014
0.000699031,0.000826957,0.00153284,0.00254009,0.00285063
0.000611554,0.000761705,0.00122656,0.00240993,0.0025787
0.000532824,0.000691242,0.00114195,0.00213189,0.00233956
0.000477259,0.000679646,0.00101691,0.00185609,0.00239709
0.000439905,0.000651932,0.000967139,0.00156361,0.0021814
0.000713285,0.00135523,0.00166457,0.00234249,0.00321691
0.00047135,0.000588336,0.00135244,0.00185827,0.00227285
0.000464514,0.000608192,0.00117487,0.00174464,0.00204935
0.000475867,0.000575872,0.00114321,0.00164231,0.00218341
0.000470286,0.000560355,0.00100769,0.00152175,0.00207221
0.000454773,0.000544066,0.00095248,0.00134199,0.00217025
0.000915224,0.00143786,0.0017519,0.00265399,0.00321735
0.0013053,0.00157866,0.00234419,0.00342881,0.00363803
0.000496192,0.00129738,0.00161147,0.00255932,0.00314497
0.000357793,0.00103365,0.00141756,0.00247477,0.00308882
0.000308537,0.00098164,0.00116508,0.0021018,0.0024643
0.000293273,0.00082385,0.00106832,0.00164964,0.00234602
0.000274332,0.000699246,0.00104298,0.00145217,0.00205574
0.000235094,0.000618408,0.000906915,0.00145277,0.00173429
0.00321628,0.00487444,0.00597314,0.00825546,0.0119188
0.00149941,0.0032859,0.00408091,0.00521383,0.00811713
0.000843598,0.00175718,0.00337642,0.0044126,0.00680036
0.00080191,0.001192,0.00273732,0.00357116,0.00572894
0.000638198,0.00088939,0.00227526,0.00279454,0.00445585
0.0132598,0.0222656,0.0260522,0.0312408,0.0363647
0.0123494,0.0156177,0.0193142,0.0287679,0.0311506
0.00653185,0.0105464,0.0151499,0.0208248,0.0214027
0.00438962,0.00856967,0.0115185,0.0129486,0.0183393
0.00305525,0.00391398,0.00883128,0.0103495,0.0137098
0.00175958,0.00348959,0.00677637,0.00792634,0.00948667
0.00131032,0.00291382,0.00528676,0.00642944,0.00693647
0.0191841,0.0239392,0.0322728,0.0360833,0.0389767
0.0146796,0.0206355,0.0225032,0.0297688,0.0302899
0.0286351,0.0344006,0.04556,0.0540381,0.0562749
0.0288816,0.031445,0.0406057,0.0483057,0.0544854
0.0245458,0.0266458,0.0331149,0.0360477,0.0364834
0.0182416,0.0211374,0.0233109,0.0286225,0.0289119
0.02485,0.0258456,0.0300374,0.032733,0.03718
0.0150948,0.0202955,0.0226788,0.0257671,0.0310139
0.010994,0.0158403,0.017866,0.0203534,0.0279175
0.0272869,0.0358115,0.0470538,0.0517884,0.0538341
0.0612355,0.0746463,0.0779366,0.0863995,0.106658
0.0450999,0.0495582,0.055996,0.0674728,0.0725622
0.0341867,0.0401055,0.0419902,0.0463549,0.0526205
0.0290998,0.0296547,0.0325421,0.0379309,0.0471981
0.0223526,0.0237381,0.0265253,0.0282585,0.0405826
0.0165537,0.0184383,0.0214432,0.02569,0.0373198
0.0114377,0.0134871,0.0175143,0.0221532,0.0297192
0.0231295,0.0251472,0.0267311,0.02934,0.0368512
0.0408971,0.0472867,0.0573184,0.0596585,0.0689858
0.0344281,0.0409318,0.0463569,0.0513589,0.0558159
0.0291606,0.0304477,0.0342926,0.0399629,0.0446188
0.0322875,0.0340183,0.0382969,0.0445564,0.0510468
0.0270362,0.0276234,0.0310531,0.0358559,0.0433593
0.0312231,0.0327704,0.0393816,0.0431489,0.0475987
0.0264866,0.0271617,0.0309106,0.0369291,0.0417106
0.0229178,0.0231208,0.0262236,0.0297005,0.0355938
0.0171828,0.0189791,0.0208268,0.0247579,0.0303847
0.0126958,0.0148376,0.0175128,0.0229156,0.0258481
0.00918133,0.0111533,0.0138992,0.0201793,0.0220644
0.0208572,0.022761,0.0247394,0.0263967,0.0290326
0.016616,0.0187959,0.0201151,0.023556,0.0255666
0.0140471,0.0159691,0.0179797,0.0216562,0.023866
0.0118268,0.0129773,0.0154828,0.0198647,0.0218715
0.00936957,0.0110788,0.0134356,0.0177187,0.0195187
0.00527739,0.00914353,0.0107636,0.0146802,0.0169539
0.00601602,0.00756394,0.00911707,0.0119892,0.0143908
0.00423249,0.00593851,0.00764808,0.010968,0.0122108
0.00317161,0.00501254,0.00648784,0.00959154,0.0109334
0.00186709,0.00286616,0.00543303,0.00817809,0.00952429
0.0014964,0.00286575,0.00472767,0.00692628,0.00808924
0.00135286,0.0026672,0.00407856,0.00555309,0.00733655
0.0012389,0.00332918,0.00365224,0.00444446,0.00665703
0.0103351,0.013061,0.0154834,0.0174561,0.02022
0.0117085,0.0155487,0.0168681,0.0199005,0.021254
0.011856,0.0134192,0.0135013,0.016514,0.0172011
0.0099642,0.0102865,0.0115832,0.0134079,0.0146485
0.0084317,0.00886208,0.0105361,0.0111721,0.0135779
0.00748501,0.00836342,0.0096956,0.0108886,0.0124509
0.00603883,0.00698198,0.00815773,0.00947727,0.0106876
0.004823,0.00597197,0.00709702,0.00836437,0.00912172
0.00384377,0.00505136,0.00619691,0.00744075,0.00766068
0.00309844,0.00449203,0.00503539,0.00651274,0.00676342
0.0021872,0.00308791,0.00385712,0.00551031,0.00620299
0.00133232,0.00295168,0.00330046,0.00475091,0.00557421
0.001046,0.00206036,0.00286524,0.00405319,0.00488181
0.00093643,0.00152859,0.00272756,0.00360116,0.00421808
0.000842293,0.00131396,0.00265081,0.00318131,0.00353208
0.000764853,0.00116535,0.00249181,0.00292419,0.00320024
0.000739946,0.00111725,0.00222959,0.00282806,0.00319964
0.000761732,0.00108735,0.00199127,0.00269243,0.00298262
0.000735348,0.00138348,0.00189448,0.00250124,0.00310529
0.000937513,0.00178581,0.00202399,0.00287208,0.00321672
0.000910455,0.00158542,0.00192386,0.0025701,0.00296
0.000818728,0.00131498,0.00179113,0.00218119,0.00297677
0.000753437,0.00113486,0.0014155,0.00200697,0.0027742
0.000676894,0.00101283,0.00133912,0.00193939,0.00258228
0.000599709,0.000865955,0.00112741,0.00190959,0.00261437
0.00054391,0.000731044,0.00105971,0.00188074,0.00251143
0.000475454,0.000647942,0.00102063,0.00195092,0.0024292
0.00183547,0.0025851,0.00279565,0.00356326,0.00482555
0.00189402,0.00229466,0.00274773,0.00325087,0.00417081
0.00156531,0.0020253,0.00235344,0.00277155,0.00370449
0.00299914,0.00388747,0.00488389,0.00656265,0.0076655
0.00250775,0.00320321,0.0043709,0.00572469,0.00669918
0.00212388,0.00250844,0.00354344,0.00481227,0.00636849
0.00100421,0.00245379,0.00319602,0.00380496,0.00566412
0.000987308,0.0022769,0.0028554,0.00316328,0.0045804
0.000824312,0.00212229,0.00248782,0.00283107,0.00381066
0.000764765,0.00189266,0.00206951,0.00287436,0.00323929
0.000706144,0.00164954,0.00182022,0.00282826,0.00286637
0.000663876,0.00142986,0.00166496,0.00258663,0.00285519
0.00326835,0.00469823,0.00609695,0.00782644,0.00918171
0.0191545,0.0226937,0.0349653,0.0471093,0.0568664
0.0213517,0.0254091,0.0293529,0.0337883,0.0363962
0.0189061,0.0221139,0.0238122,0.0273932,0.029437
0.0163813,0.0183329,0.0192779,0.0232584,0.0243806
0.0128552,0.0145076,0.0163373,0.0184263,0.0190714
0.0105361,0.0111618,0.0130578,0.0151546,0.0165572
0.00792694,0.00899239,0.0108609,0.0130087,0.0144986
0.00627683,0.00771462,0.00914096,0.0112013,0.0128282
0.0101385,0.0109476,0.0125075,0.0140613,0.015845
0.0232154,0.0268233,0.033778,0.041259,0.0498574
0.0234974,0.0280359,0.0368933,0.0444918,0.0545155
0.0483701,0.0499281,0.0595615,0.0672869,0.0784547
0.0371203,0.0409261,0.0485599,0.061939,0.0711022
0.0237206,0.0329031,0.0355174,0.0509672,0.0530495
0.0237245,0.0266049,0.0298257,0.0345832,0.0430514
0.0177036,0.0193188,0.0252139,0.0323002,0.0339235
0.0139039,0.0159756,0.0222044,0.0271492,0.0307992
0.0101197,0.0135714,0.0197105,0.0212524,0.0259111
0.00782925,0.0115781,0.015688,0.0182724,0.0212471
0.00607136,0.00999465,0.0127229,0.015888,0.0184315
0.006236,0.00964123,0.0126261,0.0154316,0.0185323
0.00539687,0.0087169,0.0108254,0.0140892,0.0147081
0.0115317,0.0120645,0.0146472,0.0222551,0.0278919
0.00900868,0.0109681,0.0140513,0.0231618,0.0237303
0.00706333,0.00949966,0.0122662,0.0188207,0.0222395
0.0062863,0.00802417,0.0105914,0.0155733,0.0178529
0.00469845,0.00652553,0.00888606,0.0129402,0.015129
0.00836016,0.00931295,0.0114058,0.0145895,0.0160132
0.00767378,0.00820332,0.00962764,0.0125641,0.0135527
0.00715158,0.00799639,0.00916864,0.0115417,0.0125325
0.00577271,0.00717368,0.00786822,0.00996132,0.0108828
0.00495675,0.00649168,0.00706356,0.0086182,0.0092482
0.00422243,0.00563187,0.00608041,0.00732789,0.00861998
0.00364263,0.00483605,0.0053679,0.00635537,0.0076668
0.00327322,0.00408989,0.00473976,0.00555452,0.00660527
0.00303125,0.00352106,0.00414383,0.00494614,0.00574741
0.00350632,0.00408267,0.00439889,0.0049781,0.00569299
0.00319331,0.00365775,0.00398533,0.0048767,0.00584794
0.00333147,0.00343171,0.00372397,0.00471031,0.00556758
0.00276783,0.00303566,0.00338475,0.00458458,0.00509675
0.00563653,0.00690393,0.0111933,0.0189966,0.0316797
0.00691712,0.00879601,0.0107853,0.0134645,0.0285337
0.00781904,0.00907913,0.0114178,0.0131491,0.0228186
0.00651746,0.00882586,0.010336,0.0126141,0.0181295
0.00538204,0.00752315,0.00886552,0.010866,0.0136604
0.00455733,0.00555478,0.00731646,0.00973661,0.0133909
0.00451657,0.00556801,0.00770562,0.00916081,0.0139212
0.00407658,0.00461188,0.00680069,0.00851622,0.0136429
0.00360479,0.00412014,0.00605239,0.00800224,0.0128124
0.00301411,0.00359965,0.00532932,0.00698789,0.00997376
0.00647205,0.00805658,0.00906415,0.0109353,0.013433
0.0114413,0.0142962,0.0166144,0.0228843,0.0295059
0.0123253,0.013496,0.0150494,0.0172997,0.0272311
0.0114601,0.0130422,0.013385,0.0158229,0.0228043
0.00934721,0.0108567,0.0114797,0.0131393,0.0186021
0.0066047,0.00782416,0.00993875,0.0125113,0.014645
0.00456326,0.0063392,0.00859617,0.0115037,0.0120511
0.00427897,0.00505305,0.00735828,0.00934053,0.0108395
0.00407094,0.00435432,0.00633696,0.00867263,0.00934605
0.00350628,0.00390361,0.00542269,0.00760557,0.00838873
0.0031064,0.0033101,0.0046862,0.00672882,0.00785178
0.00284683,0.00297231,0.00398334,0.00548087,0.00729774
0.00243559,0.00269052,0.00344774,0.0047518,0.00693822
0.00215952,0.0025655,0.00318908,0.00396634,0.00646301
0.00201316,0.00249153,0.00312997,0.00349985,0.00610581
0.00186587,0.00215355,0.00268078,0.00353756,0.00584701
0.0016809,0.00190961,0.00239442,0.00332632,0.00541808
0.00160208,0.00173474,0.00210172,0.00322079,0.00505954
0.00137932,0.00167737,0.00190735,0.00310586,0.00459224
0.00133743,0.001543,0.00174223,0.00298349,0.00431992
0.00129274,0.00141527,0.00163726,0.00285401,0.00416676
0.00117375,0.00128259,0.00155539,0.00277385,0.00373707
0.00104909,0.00114333,0.00144491,0.00271397,0.00338446
0.000959842,0.00113523,0.00137579,0.00259565,0.00330451
0.000866855,0.00112199,0.00130399,0.002543,0.00308107
0.000817007,0.00107332,0.00128006,0.00249524,0.00312134
0.000748109,0.00111277,0.00125211,0.00240034,0.0030447
0.000727316,0.00105316,0.00123453,0.0023238,0.00297529
0.00070367,0.00104924,0.00120604,0.00232155,0.00287394
0.00066121,0.00105788,0.0012042,0.00230787,0.00273687
0.000657652,0.0010309,0.00117487,0.00228911,0.00253359
0.000682083,0.00100195,0.00115867,0.00227938,0.00248962
0.000673273,0.000983021,0.00115534,0.00222645,0.00240726
0.000656093,0.000992297,0.00115411,0.00213527,0.00243818
0.000650651,0.000936969,0.00115476,0.00209064,0.00243596
0.000617688,0.000922474,0.00112235,0.00205055,0.00244047
0.000596872,0.000894001,0.00108979,0.00208544,0.00238938
0.000588087,0.000832321,0.00107032,0.00204383,0.00230614
0.000580386,0.000759292,0.00105634,0.00200312,0.00229234
0.000558945,0.000699464,0.00104224,0.00198174,0.00228968
0.000469336,0.000643426,0.00102404,0.00197349,0.0021798
0.000544126,0.000603195,0.00098885,0.00194414,0.00212287
0.000564844,0.000585157,0.000991539,0.00192597,0.00204086
0.000560206,0.000561472,0.001031,0.00187568,0.00189018
0.000551578,0.000551871,0.00103107,0.00184807,0.00185239
0.000521959,0.000566474,0.00101812,0.00182989,0.00183606
0.000495837,0.000556158,0.00100002,0.00182208,0.00182985
0.000538969,0.000539075,0.00100417,0.00181864,0.00189483
0.000455434,0.000507147,0.0010149,0.00176138,0.00194412
0.000451499,0.000509288,0.000998696,0.00174709,0.0019321
0.000439978,0.000494512,0.000982624,0.00173917,0.00191515
0.000440212,0.000499528,0.000972702,0.00169532,0.00192707
0.000455809,0.000492123,0.000995761,0.00167385,0.00191625
0.000439557,0.000509668,0.000987698,0.00163739,0.00192015
0.000889226,0.00100595,0.00156415,0.00214985,0.00467791
0.000901137,0.001048,0.00178284,0.00237124,0.00411477
0.000882482,0.00112037,0.00173228,0.00245295,0.00352948
0.001114,0.00115341,0.00167889,0.00250861,0.003067
0.0009696,0.00120963,0.00160495,0.00245237,0.0031002
0.00104311,0.0011409,0.00153971,0.00226191,0.00441023
0.00104923,0.00105548,0.00151984,0.00220692,0.00292532
0.000935776,0.00102193,0.00148767,0.00220163,0.00286505
0.00086544,0.000985216,0.00146057,0.0020762,0.0027899
0.000940436,0.00094132,0.00143968,0.00204856,0.00266359
0.000807318,0.000904853,0.00142589,0.00203268,0.00254922
0.00074632,0.000873762,0.00141045,0.00195807,0.00234577
0.000683134,0.000892923,0.00140497,0.00182284,0.00226759
0.000643316,0.000871686,0.00138871,0.00169217,0.00213439
0.000613054,0.000875192,0.00133413,0.00163202,0.00204013
0.000581818,0.000880321,0.0011776,0.00161166,0.00196898
0.000563166,0.000883616,0.00110956,0.0015343,0.00191136
0.000543611,0.000857719,0.00104085,0.00160268,0.00176759
0.000535171,0.000868501,0.00100005,0.00149634,0.00156503
0.000525168,0.000856194,0.00093568,0.00144786,0.00163457
0.000509239,0.000868251,0.000889927,0.00134586,0.00160151
0.00137384,0.00167803,0.00363909,0.00748787,0.0155345
0.00174126,0.00331417,0.00435331,0.00780923,0.0128625
0.00152645,0.00415681,0.00459798,0.00664649,0.00987296
0.00134824,0.00397753,0.00420471,0.00643162,0.00746462
0.00133432,0.00313098,0.00367094,0.00592854,0.00643819
0.00124546,0.00290157,0.00321051,0.00457104,0.00560881
0.00119506,0.00238954,0.00293854,0.00393124,0.00479456
0.00108902,0.00196739,0.00262423,0.00371185,0.0042244
0.00103024,0.001846,0.00217027,0.0033405,0.00371742
0.000950982,0.00161671,0.00183504,0.00304966,0.00329449
0.000987042,0.0014006,0.0016457,0.00282269,0.00315516
0.000938573,0.00122494,0.00150253,0.00244286,0.00290928
0.000995926,0.00114966,0.00135312,0.00220999,0.00257075
0.000976845,0.00105197,0.0012035,0.00201215,0.00251031
0.000920528,0.00101275,0.00107492,0.00174687,0.00242739
0.000928235,0.000930631,0.000989502,0.00159899,0.00233434
0.000861304,0.000890077,0.000955718,0.00144567,0.00226154
0.000743674,0.000830774,0.000930208,0.00137102,0.00222875
0.000689553,0.000844619,0.000915204,0.00132392,0.00230411
0.000656552,0.000843718,0.000919813,0.00122871,0.00227728
0.000645075,0.000826905,0.000894617,0.00113555,0.00222182
0.000631306,0.000784377,0.000864256,0.00110821,0.00217842
0.000611216,0.000718458,0.000831277,0.00114506,0.00212583
0.000595144,0.000629342,0.000802955,0.00113137,0.00218079
0.000557853,0.000611737,0.000785527,0.00111424,0.00196017
0.000522135,0.00061157,0.000781853,0.00111851,0.00186353
0.000503549,0.000560709,0.000770575,0.00112029,0.00176481
0.000563629,0.000563721,0.000727289,0.00111944,0.00171051
0.000480807,0.000530455,0.00076673,0.00112336,0.00168539
0.000418896,0.000524308,0.000756436,0.00111489,0.00164436
0.000385575,0.000518567,0.000742135,0.00109407,0.00159716
0.000351645,0.000531502,0.000737132,0.00108384,0.00156191
0.000328721,0.000542806,0.00072808,0.00107472,0.00156272
0.000306147,0.000540091,0.000725944,0.00106979,0.0014898
0.000286775,0.000535645,0.000723194,0.00107647,0.0014513
0.000273927,0.000480022,0.000785624,0.00126389,0.00151833
0.000272401,0.00068646,0.000745743,0.00123448,0.00163374
0.000284666,0.000795529,0.000798455,0.00119149,0.0015023
0.000277752,0.00079352,0.000803825,0.0012688,0.00168245
0.000328081,0.000838106,0.00105628,0.00147064,0.00248555
0.000356739,0.000805327,0.000991335,0.0014279,0.00229397
0.000326198,0.000805722,0.000929966,0.00138303,0.00231908
0.000391675,0.000792737,0.000908872,0.00124617,0.0025459
0.000335673,0.000757831,0.000862664,0.00123278,0.0023443
0.000348008,0.000705187,0.000844109,0.00124885,0.00233813
0.000394291,0.000660241,0.000832797,0.00124506,0.00245985
0.000427741,0.00063424,0.000823921,0.00118843,0.00235147
0.000438302,0.000635316,0.000798439,0.00118047,0.00223982
0.000430479,0.000641282,0.000822042,0.00117732,0.0021467
0.000418034,0.000634931,0.00080684,0.00115024,0.00206881
0.000754656,0.000939497,0.00196477,0.00276579,0.0038568
0.000576587,0.00132913,0.00191001,0.00294846,0.00485976
0.00246217,0.00331515,0.00596784,0.0105932,0.0170058
0.00642303,0.0101077,0.014492,0.0240776,0.0354723
0.0151035,0.0327073,0.0423722,0.0595573,0.0688618
0.0217608,0.0343779,0.0517714,0.0655216,0.0904698
0.026755,0.0307896,0.0404367,0.0600136,0.069154
0.0211619,0.0252183,0.0328444,0.0433957,0.051165
0.0201077,0.0220063,0.0271086,0.0321158,0.0460369
0.0134266,0.0168342,0.0225129,0.0288792,0.0430968
0.0265498,0.0293669,0.0451572,0.0747756,0.0748619
0.0363804,0.0484785,0.0668571,0.107849,0.126052
0.0508022,0.0587357,0.0661685,0.103179,0.144584
0.0534739,0.0694704,0.0856792,0.103863,0.171242
0.0585741,0.0588074,0.0682654,0.0824902,0.11161
0.0397366,0.0508486,0.0616313,0.0676845,0.0986178
0.0642471,0.0877119,0.106399,0.128403,0.193761
0.0673169,0.128824,0.144116,0.162936,0.195087
0.0917812,0.138894,0.156041,0.184102,0.216902
0.103792,0.130521,0.143112,0.186953,0.22309
0.082317,0.1153,0.126523,0.142565,0.156553
0.0526348,0.0755716,0.0872394,0.11087,0.124198
0.0412603,0.0608651,0.0775944,0.089039,0.10736
0.0271082,0.0505216,0.0622131,0.0912356,0.10417
0.0313498,0.0425373,0.0574078,0.0804415,0.0892116
0.0227117,0.0312738,0.0491969,0.0627785,0.0826865
0.0209825,0.0275206,0.0447,0.0508193,0.0731813
0.0149401,0.0235254,0.0354418,0.0504297,0.0583353
0.0107503,0.0168923,0.0276801,0.0361292,0.04808
0.00833468,0.0127909,0.0235081,0.0293769,0.0439895
0.0125522,0.014642,0.0246956,0.0288651,0.0383405
0.00940894,0.0123112,0.0205625,0.0278073,0.0354116
0.0166696,0.0183955,0.0269728,0.0321144,0.0359276
0.0126354,0.0176041,0.0223423,0.0262173,0.0311373
0.0127664,0.0163179,0.0197925,0.0232486,0.0297689
0.00882612,0.0143177,0.0173834,0.024791,0.03339
0.00673529,0.0102358,0.015283,0.0213947,0.0389618
0.00694526,0.0121668,0.0161694,0.0212186,0.0333164
0.00760822,0.00934932,0.0139657,0.0167563,0.0300229
0.00434186,0.00638598,0.0120515,0.0147137,0.0217589
0.00347966,0.00584345,0.0101624,0.0119737,0.019192
0.00261582,0.0054302,0.00890289,0.0114729,0.0184737
0.00242703,0.00492883,0.00735591,0.00872245,0.0143394
0.00204306,0.00483696,0.00610404,0.00694223,0.0184697
0.00271004,0.00385054,0.00578957,0.00615187,0.0193883
0.0181235,0.0231153,0.0298624,0.036143,0.0405334
0.0216746,0.0235379,0.0244386,0.0289368,0.036069
0.0182165,0.0187076,0.0216133,0.0241167,0.0253758
0.0132459,0.0165879,0.0176101,0.0202332,0.0215625
0.00993024,0.0131349,0.0147177,0.0158991,0.0189859
0.0119185,0.0138742,0.0144012,0.0162949,0.018575
0.0138049,0.0149334,0.0162655,0.0171019,0.0197903
0.0103197,0.0121816,0.0130665,0.015274,0.0170022
0.00772327,0.00939009,0.0111142,0.0133897,0.0150963
0.0146875,0.0170685,0.0181898,0.0203469,0.0215812
0.0154413,0.0182333,0.0191213,0.0214612,0.0234095
0.0157949,0.0168615,0.0182161,0.0206503,0.022818
0.0175604,0.0199483,0.023125,0.0245959,0.0279496
0.0174948,0.0199334,0.0217491,0.0248404,0.0282642
0.0212221,0.0225251,0.0270192,0.0285974,0.0331177
0.0168293,0.0196957,0.0208999,0.0238431,0.0276496
0.0167122,0.0188767,0.0201034,0.0234881,0.0268272
0.0135523,0.0152735,0.0168335,0.0192145,0.0212678
0.0200212,0.0205638,0.0238061,0.0262368,0.0301563
0.0172552,0.0207393,0.0218468,0.0256053,0.0284964
0.0228142,0.0249068,0.0298617,0.0324766,0.0379559
0.0311521,0.0317541,0.0419086,0.0489321,0.0505006
0.0272144,0.0320075,0.0367216,0.041179,0.0415717
0.0311667,0.0347231,0.040187,0.0447058,0.0500608
0.0274339,0.0305501,0.0344163,0.0390111,0.0426819
0.0222994,0.0247476,0.0266502,0.0331367,0.0364746
0.0206827,0.0237011,0.025528,0.0306757,0.0353609
0.0164406,0.0178364,0.0216166,0.0268073,0.0278705
0.0150419,0.0169747,0.0202623,0.0248121,0.0280036
0.0215925,0.0240563,0.0260171,0.0274109,0.0360725
0.0168307,0.0196022,0.0212336,0.0251432,0.0301402
0.0127528,0.0162801,0.018343,0.0218405,0.0257516
0.00923928,0.0123279,0.0149316,0.0180914,0.0222682
0.00805693,0.0106789,0.0128831,0.0162182,0.019173
0.0062614,0.00736476,0.0101632,0.0137912,0.0163556
0.00502003,0.00606103,0.00849504,0.0110884,0.0141989
0.00442364,0.00498867,0.00697716,0.0101973,0.0115842
0.00352568,0.00462876,0.00581896,0.00869201,0.0101405
0.00270523,0.00418878,0.00487021,0.00725564,0.00896684
0.00230799,0.00349661,0.00399625,0.00572854,0.00793412
0.00182984,0.00271889,0.00357192,0.00466543,0.00698204
0.00154994,0.00250369,0.00321091,0.00446155,0.00597272
0.00146324,0.00210919,0.002811,0.00429945,0.00509291
0.00529889,0.0055608,0.00730872,0.0100496,0.0110311
0.00347085,0.00480633,0.00576792,0.00779378,0.00935473
0.00251548,0.00424972,0.00495004,0.0068215,0.00855101
0.00199902,0.0031928,0.0042906,0.00508616,0.00725014
0.001425,0.00241601,0.00367828,0.00463533,0.00641683
0.00119931,0.00193016,0.00292216,0.00441384,0.00566055
0.000973629,0.00177493,0.00241355,0.00402818,0.00463724
0.000875068,0.0017759,0.00204986,0.00377949,0.00378937
0.000704878,0.00161279,0.00182196,0.00331952,0.00363323
0.000640443,0.00137934,0.00172448,0.00287611,0.00339714
0.000544398,0.00125821,0.00153497,0.00235993,0.00296618
0.000498835,0.00130133,0.00146093,0.00201357,0.0029355
0.000500425,0.00117352,0.00140532,0.00198735,0.00284785
0.000469851,0.000988801,0.00136053,0.00188336,0.00300843
0.00342014,0.00399914,0.00598435,0.00890706,0.00936291
0.00182181,0.00268387,0.00481833,0.00597493,0.00753864
0.00145895,0.00183534,0.00353686,0.00491982,0.00614496
0.00139109,0.0015758,0.00311258,0.00405464,0.00610089
0.00259512,0.0034575,0.00585649,0.00841413,0.00888502
0.00378662,0.0045472,0.00710808,0.0102028,0.0107106
0.00323537,0.00357088,0.00571234,0.00721132,0.0102617
0.0035492,0.00423589,0.00696537,0.00938977,0.0108064
0.00332341,0.00397768,0.00577419,0.00781313,0.0103752
0.00446442,0.0068013,0.0102074,0.012141,0.0160882
0.00362366,0.00619611,0.00826033,0.0107201,0.0148666
0.00349126,0.00621632,0.00841977,0.0103065,0.0133549
0.00358305,0.0044827,0.00652491,0.00899664,0.0112659
0.00396686,0.00493023,0.00658184,0.00907734,0.0100287
0.0207642,0.0253486,0.0287484,0.0379231,0.0448868
0.0198244,0.0230335,0.0311794,0.0399614,0.0445651
0.0206656,0.0232603,0.0301364,0.0354112,0.0403083
0.0169271,0.0200377,0.0237023,0.0270899,0.0287278
0.0148803,0.0165085,0.0175421,0.0217415,0.0238888
0.00776964,0.012227,0.0138864,0.0162838,0.0192535
0.00569782,0.00944423,0.0108956,0.0123163,0.016678
0.00378617,0.00826783,0.00924793,0.0114929,0.0151355
0.00497757,0.00838405,0.00991659,0.0117213,0.0152275
0.00396816,0.00651583,0.00779829,0.00999253,0.0129919
0.00241139,0.00530317,0.00623472,0.00821279,0.0112734
0.00230757,0.00433631,0.00512362,0.00631096,0.00993756
0.00320003,0.0050636,0.00597316,0.00685919,0.00903882
0.00306483,0.00415852,0.00533912,0.00608055,0.0081163
0.00334302,0.00428231,0.00669204,0.00784575,0.00854552
0.00283936,0.00365059,0.00574158,0.00719188,0.00752929
0.00204885,0.003189,0.0043666,0.0059654,0.00691645
0.00437843,0.00608901,0.00893309,0.00977674,0.0106504
0.00267205,0.00455476,0.00610033,0.00788296,0.0087174
0.00457699,0.0071227,0.0106345,0.01451,0.0152866
0.0153891,0.0187537,0.023185,0.0298509,0.0323666
0.0180331,0.019303,0.0247896,0.0318779,0.0333727
0.0150329,0.017046,0.0196929,0.0234983,0.0256623
0.0126948,0.0139265,0.0149886,0.0191445,0.0208064
0.00799622,0.0114475,0.0122006,0.0151801,0.0172581
0.00599238,0.00900145,0.00983046,0.0109111,0.0143273
0.00452851,0.00732935,0.0080548,0.00956652,0.0128317
0.00254891,0.00468564,0.00647577,0.00817649,0.0118016
0.00232324,0.0049393,0.00587879,0.00792721,0.0103334
0.00304371,0.00464499,0.00530683,0.00723107,0.00917187
0.0218811,0.0269101,0.0346416,0.0404926,0.0444324
0.0321944,0.0338041,0.0519586,0.057333,0.0652835
0.029438,0.0351331,0.0406071,0.0455317,0.0517303
0.0264466,0.0288801,0.0323603,0.0346091,0.0370942
0.0234132,0.0242753,0.0270154,0.033061,0.0351989
0.0213616,0.0233953,0.025768,0.0318737,0.0349208
0.0178952,0.0193607,0.0208109,0.0249273,0.0316079
0.022731,0.0233147,0.0268498,0.0320437,0.0356673
0.017942,0.0185877,0.021023,0.0258401,0.0308915
0.0152574,0.0157667,0.017681,0.0220634,0.0261494
0.0111952,0.0134478,0.014348,0.0170873,0.0210202
0.00864028,0.0113789,0.0122656,0.0143062,0.0192711
0.00737041,0.00991469,0.0112787,0.013228,0.0173652
0.0060104,0.00753984,0.00867477,0.0115228,0.0150277
0.00426148,0.00548428,0.00735653,0.00990829,0.0121741
0.00341873,0.00452197,0.00636221,0.00859738,0.010203
0.00806353,0.0083893,0.00959113,0.010725,0.0113889
0.0080626,0.00891545,0.00981937,0.0112178,0.011814
0.00766161,0.00819368,0.0092849,0.0104591,0.0111713
0.00706965,0.00839578,0.00910223,0.0101516,0.011521
0.00570172,0.00631273,0.00788879,0.00919286,0.00991926
0.00514674,0.00524656,0.00654822,0.00799688,0.00884224
0.00400588,0.00455031,0.00566109,0.00699374,0.0080145
0.0033469,0.00406728,0.00482243,0.00620345,0.00723531
0.00280853,0.00369119,0.00416753,0.00557181,0.0067276
0.00237096,0.0033218,0.00356442,0.00506909,0.00614103
0.00204034,0.00301639,0.00317086,0.00453192,0.00537788
0.00191125,0.00248843,0.00292542,0.00401819,0.00467495
0.00157084,0.00211211,0.00275559,0.00373573,0.00391531
0.00218482,0.00260441,0.00342983,0.00395799,0.00409982
0.00402296,0.00544135,0.00703882,0.00806275,0.00885291
0.0173942,0.0195545,0.0266968,0.0304239,0.0336027
0.0589094,0.0697884,0.0979862,0.110554,0.168582
0.0517163,0.0613782,0.0753792,0.0863247,0.103511
0.0462712,0.0548483,0.0706047,0.0783268,0.0844175
0.0366009,0.0444913,0.0493041,0.0546675,0.0607794
0.0326676,0.034798,0.0405712,0.0473945,0.048354
0.051578,0.0539929,0.0626342,0.073935,0.0799503
0.0392515,0.0503962,0.0549646,0.0663666,0.0702551
0.0636121,0.0742253,0.0797445,0.0856937,0.111926
0.0957308,0.111876,0.139654,0.1604,0.20942
0.106526,0.126274,0.137943,0.167965,0.181983
0.0680795,0.0813949,0.0977337,0.117027,0.124749
0.0563786,0.0650654,0.0720015,0.0886664,0.0932562
0.0410166,0.0472071,0.0576245,0.0687297,0.0726233
0.0361462,0.046892,0.0528143,0.0650564,0.0659721
0.034373,0.0453067,0.0512024,0.0612134,0.0625675
0.0331357,0.038627,0.0429831,0.0532857,0.0572804
0.0312679,0.032447,0.0372775,0.0455824,0.0481648
0.0264759,0.0272865,0.0303213,0.0372733,0.0393231
0.0211562,0.022966,0.0270609,0.0304406,0.0332554
0.0157656,0.01924,0.0229418,0.0260582,0.0306246
0.0134698,0.0171148,0.0205022,0.0232325,0.0285831
0.0188572,0.0243524,0.0264991,0.0293425,0.0314399
0.0213291,0.0262167,0.0274253,0.0312407,0.0353674
0.0187208,0.0222573,0.0248105,0.0263205,0.0295265
0.0160907,0.0178727,0.0217578,0.0244413,0.0259238
0.013281,0.0155934,0.0179175,0.0204516,0.0251077
0.0114892,0.012934,0.0149803,0.0181987,0.0222371
0.00897048,0.0107649,0.0127081,0.01556,0.019798
0.00745258,0.00888932,0.010841,0.0133522,0.0169141
0.00578787,0.00757161,0.0100001,0.0113532,0.0159139
0.00502136,0.00652288,0.0089179,0.00942588,0.0144909
0.00436134,0.00588092,0.0077061,0.00886802,0.0133256
0.00365489,0.00532396,0.00682081,0.00830542,0.012209
0.00345508,0.00482879,0.00608731,0.0076018,0.011665
0.0029962,0.00448896,0.005387,0.00673139,0.0106475
0.00297173,0.0038089,0.00480896,0.0058565,0.00976205
0.00281323,0.00361926,0.00436844,0.00502038,0.00843908
0.00269955,0.00333411,0.00403271,0.00445825,0.00769643
0.00224917,0.0030969,0.00364346,0.00442785,0.00691985
0.00195284,0.00291812,0.00343337,0.00441718,0.00624355
0.00168896,0.00248416,0.00312611,0.00442788,0.00640861
0.00150077,0.00248524,0.00290969,0.00438314,0.00641315
0.00135588,0.00239916,0.00274033,0.00434162,0.0062104
0.00110443,0.00227201,0.00260762,0.00424336,0.00571906
0.00110391,0.00214684,0.00253159,0.004079,0.00545541
0.00102727,0.0019934,0.00244092,0.00393639,0.00514869
0.000953498,0.00190959,0.00242179,0.00367146,0.00464018
0.000809016,0.00183295,0.00236914,0.00326092,0.00437423
0.000842748,0.00176697,0.00231387,0.00344048,0.00414274
0.000726961,0.00165712,0.00231443,0.00344093,0.00390292
0.000744406,0.00159882,0.00223528,0.00333849,0.00393517
0.000635697,0.00159578,0.00218125,0.00329236,0.00394332
0.000659754,0.00152413,0.0021802,0.00321818,0.0039282
0.000613702,0.00155434,0.00214554,0.00318268,0.00395209
0.000677646,0.00157122,0.00212332,0.00312972,0.00390932
0.000597658,0.00173752,0.00213621,0.0031398,0.00387405
0.000572998,0.00148755,0.00219612,0.00307451,0.00383459
0.000563054,0.00128345,0.00220494,0.00305017,0.00373443
0.00057907,0.00107159,0.00217127,0.00302538,0.00363893
0.000572341,0.00105983,0.0021275,0.00302637,0.00363952
0.000536418,0.000962911,0.00210443,0.00302333,0.00355233
0.000546579,0.000880151,0.00216999,0.00300127,0.00349192
0.00053465,0.000799633,0.00228071,0.00299186,0.00339156
0.000512065,0.00071843,0.00227575,0.0028932,0.00338251
0.00154612,0.0035169,0.00528315,0.00867044,0.0126982
0.00223702,0.00397519,0.00492914,0.00846511,0.0111226
0.00237839,0.00397396,0.00518381,0.00727624,0.0084164
0.00243477,0.00391669,0.00478992,0.0063058,0.00671495
0.00229082,0.00336974,0.00456426,0.0056071,0.00625264
0.00217581,0.00308511,0.00395599,0.00474705,0.00561116
0.00212578,0.00285283,0.00369861,0.00445056,0.0048413
0.0019212,0.00241092,0.00325172,0.00422039,0.00442581
0.00195349,0.00207289,0.00282966,0.00391741,0.00464
0.00165511,0.00190684,0.00257801,0.00342973,0.00463158
0.00152315,0.00191156,0.00238952,0.00332096,0.0044929
0.00143742,0.00207478,0.00217734,0.00326269,0.00441184
0.00124985,0.0017915,0.00201173,0.00317315,0.00419135
0.00113392,0.0016642,0.00193815,0.00310518,0.0042388
0.00100235,0.00160534,0.0019132,0.00301816,0.00427085
0.00094184,0.00136814,0.00192133,0.00308226,0.00397683
0.000874731,0.00127345,0.00191894,0.00297283,0.00429238
0.000815936,0.00119266,0.0018889,0.00296377,0.00378505
0.00077034,0.00103721,0.00188867,0.00290886,0.0035361
0.000716543,0.000931946,0.00186776,0.00288278,0.00332466
0.000688304,0.000845688,0.00188344,0.00283759,0.00327862
0.000663699,0.000792261,0.00188366,0.00278354,0.0034393
0.00148973,0.00209375,0.00316457,0.00418407,0.00490819
0.00185732,0.0028562,0.00336878,0.0043356,0.00490301
0.00182076,0.00316312,0.00344054,0.00401663,0.00426901
0.00174784,0.0033443,0.00334675,0.00363556,0.00389272
0.00166811,0.00296045,0.00301954,0.00359948,0.00362333
0.00166702,0.00250318,0.00279102,0.00317655,0.00356995
0.00167008,0.00204139,0.00256842,0.00304784,0.00337451
0.00144005,0.00176053,0.00244655,0.00291239,0.00320609
0.00126424,0.00167461,0.00225241,0.00278794,0.00303439
0.0011428,0.00166649,0.00217354,0.00272187,0.00305031
0.0010309,0.00160704,0.00204714,0.00263138,0.00299367
0.000930203,0.00144142,0.0019209,0.00259997,0.0029177
0.000832912,0.00140142,0.00193474,0.00253372,0.00289836
0.00245594,0.00358609,0.00475827,0.0058496,0.00737578
0.00281669,0.00320188,0.00408143,0.00558097,0.00585914
0.00284852,0.00313973,0.00371836,0.00501569,0.00563462
0.00257244,0.00287854,0.0035389,0.00437058,0.0046511
0.00225516,0.00259941,0.00335513,0.0038711,0.00406305
0.00194699,0.00223303,0.00289742,0.00359165,0.00375826
0.00175733,0.00204278,0.0025685,0.00326249,0.00347208
0.00148865,0.00181867,0.00234122,0.00299871,0.00364913
0.00124626,0.00154167,0.00218834,0.00281791,0.0034649
0.00110959,0.00137336,0.00206082,0.00263079,0.00327298
0.00100876,0.00121279,0.00197953,0.00248829,0.00312907
0.000893657,0.00109355,0.0018976,0.00234921,0.00298415
0.000809025,0.000982784,0.0018858,0.00230705,0.00290788
0.000718524,0.000938893,0.00174652,0.00223217,0.00276983
0.000665802,0.000816226,0.00163283,0.00217361,0.00267871
0.000618928,0.000771845,0.00154051,0.00213604,0.00260716
0.000581753,0.000711426,0.00147681,0.00220989,0.00250531
0.000548999,0.000680113,0.00139758,0.00220869,0.0024957
0.000521386,0.000668892,0.00136,0.00219422,0.0023864
0.000499145,0.000637833,0.00137283,0.00215475,0.00236587
0.000477761,0.000609848,0.00137371,0.00207823,0.00226977
0.000468647,0.000578392,0.0012514,0.00204349,0.00225849
0.000447859,0.00055717,0.00124018,0.00206735,0.00219506
0.000436329,0.000548101,0.00121112,0.00207185,0.00207859
0.000421644,0.000535377,0.00116212,0.00205441,0.00209506
0.000412542,0.000527122,0.00111912,0.00197265,0.0019731
0.00040287,0.000526091,0.00106789,0.00193729,0.00193904
0.000396688,0.000517378,0.00108576,0.0019557,0.00200246
0.000389457,0.000513784,0.00107711,0.00196463,0.0019736
0.00038558,0.000501238,0.00113119,0.00194866,0.00199052
0.000376807,0.000506834,0.00113484,0.00189954,0.00205729
0.000373781,0.000500837,0.00112461,0.00191533,0.00212955
0.000369903,0.000497485,0.00111393,0.00189324,0.0021857
0.00036838,0.000483546,0.001108,0.00190836,0.0020053
0.000364703,0.000478459,0.00110282,0.00194293,0.00220851
0.000358729,0.000478459,0.00111128,0.00188735,0.00210423
0.000360772,0.000476146,0.00111175,0.00183567,0.00207091
0.000359249,0.000466649,0.00110908,0.00189556,0.00197277
0.000351172,0.000486681,0.00110138,0.00181052,0.00200009
0.000350042,0.000480829,0.0011022,0.00179363,0.00187093
0.00033274,0.000478225,0.00109359,0.00178557,0.00183422
0.000329145,0.000480479,0.00108512,0.00175818,0.0018102
0.000327371,0.000481066,0.00107955,0.00176855,0.00181338
0.000341051,0.000470653,0.00107317,0.00177015,0.00182512
0.000344353,0.000465345,0.00106863,0.00174179,0.00194259
0.000342198,0.000469753,0.00106535,0.0017319,0.00193506
0.000339102,0.000460994,0.00106029,0.00172418,0.00195174
0.000342014,0.000454016,0.00105937,0.00173428,0.00194833
0.000337012,0.000449913,0.00105988,0.00184137,0.00193298
0.000325036,0.000456463,0.00105792,0.00171756,0.00200029
0.000324553,0.000452581,0.00105369,0.00173498,0.00196769
0.000320373,0.000450554,0.00105,0.0017602,0.00197425
0.000316942,0.000449325,0.00105076,0.00171101,0.00197863
0.000317083,0.000451076,0.00104225,0.00166608,0.00185942
0.000314258,0.000449781,0.00103692,0.00170712,0.00184917
0.000316922,0.000441163,0.00103144,0.00169557,0.00183368
0.000314763,0.000443144,0.00103077,0.00167844,0.00185218
0.000312845,0.000449053,0.00102834,0.00167368,0.00177988
0.000313164,0.000451602,0.00102298,0.00165606,0.0017843
0.000312747,0.000453843,0.00101994,0.00165441,0.00177196
0.000313016,0.000452436,0.00101455,0.00162202,0.00173145
0.000312181,0.000459959,0.00101161,0.00160729,0.0017302
0.000309865,0.000454561,0.00101234,0.00157707,0.00178296
0.000310288,0.000446592,0.00100967,0.0015645,0.00176897
0.000307413,0.00045475,0.00100538,0.00154742,0.00177461
0.000304718,0.000434225,0.00100142,0.00153052,0.00176232
0.000308205,0.000478313,0.000990716,0.00153937,0.00179867
0.000301967,0.000436614,0.00104768,0.00153256,0.001792
0.000291226,0.000437887,0.00109894,0.00163301,0.0018747
0.000288133,0.000434832,0.00109752,0.00163554,0.00184638
0.000295718,0.000414501,0.00108882,0.00145748,0.0017753
0.00028807,0.000431353,0.00105574,0.00148548,0.00176665
0.000274206,0.000397109,0.0010738,0.00166561,0.00196131
0.000279301,0.000408357,0.00104728,0.00163542,0.00202556
0.000840427,0.00124819,0.00168842,0.00291157,0.00376821
0.00294375,0.00393609,0.00553022,0.00750884,0.0134572
0.00332927,0.00411716,0.00473628,0.0069599,0.00867142
0.00518626,0.00896107,0.0102241,0.0144642,0.028256
0.00745136,0.00944441,0.00969256,0.013947,0.0275776
0.00668883,0.00811781,0.00982701,0.0126923,0.0170591
0.00630828,0.00701469,0.00787903,0.0104039,0.0133068
0.00565361,0.00698218,0.00760974,0.00888197,0.0114186
0.00742746,0.00892873,0.0100808,0.0123217,0.0238598
0.00672408,0.0114426,0.0130777,0.0175935,0.0290573
0.00562609,0.0103478,0.0128035,0.0157086,0.0253388
0.00473845,0.00976458,0.0106912,0.0161801,0.022721
0.0041314,0.00805632,0.00979143,0.0157733,0.0184863
0.00350274,0.00640905,0.0089772,0.0130082,0.0160226
0.00301497,0.00534659,0.00838957,0.0109732,0.0128177
0.00270702,0.00447751,0.00710272,0.00986089,0.0112274
0.00239102,0.00379177,0.0058297,0.00820956,0.00932185
0.00200447,0.00496395,0.00781988,0.0104974,0.0174241
0.0117024,0.0149887,0.0191436,0.0267162,0.0455344
0.0177639,0.0244325,0.0348366,0.0498196,0.0731377
0.0147605,0.0210334,0.0289114,0.0411864,0.0650088
0.017213,0.0186444,0.0227096,0.0253196,0.0552996
0.0128699,0.0160441,0.0199984,0.0277004,0.0406681
0.00979829,0.0147452,0.0159958,0.0265787,0.0306933
0.00713944,0.0122828,0.014542,0.0201877,0.0254872
0.00542034,0.0102659,0.0120175,0.0162744,0.0208793
0.00434638,0.008361,0.0101174,0.0135518,0.0169996
0.00377746,0.00666027,0.00874603,0.0123476,0.0133839
0.00347626,0.00544016,0.00740178,0.0106277,0.0122657
0.00317087,0.00394815,0.00636557,0.00918586,0.0114918
0.00313096,0.00474062,0.00660843,0.0100196,0.0207163
0.00307703,0.00734327,0.0105611,0.0153643,0.0231794
0.0126018,0.0185502,0.0257192,0.0369719,0.0437522
0.0121835,0.0184977,0.0243299,0.0447085,0.0480542
0.017848,0.0239636,0.0341926,0.0526602,0.0580144
0.0308272,0.0510177,0.0691747,0.114516,0.129859
0.0388134,0.0461782,0.0730635,0.0882076,0.11383
0.0431967,0.0542588,0.0842031,0.1125,0.151487
0.0500201,0.0698566,0.0985317,0.143672,0.1698
0.0807628,0.107582,0.130264,0.193914,0.220807
0.102599,0.131183,0.161019,0.218146,0.278015
0.127765,0.151122,0.190056,0.240914,0.282425
0.148328,0.164429,0.207457,0.247799,0.288424
0.130216,0.167453,0.181795,0.230179,0.235184
0.140212,0.164217,0.192733,0.23198,0.320252
0.169095,0.197732,0.227271,0.27177,0.346582
0.173886,0.199157,0.260023,0.291111,0.336451
0.167889,0.195746,0.256977,0.28914,0.312811
0.119603,0.154051,0.227215,0.274397,0.298734
0.0818533,0.131847,0.185319,0.227423,0.241766
0.0916108,0.102578,0.129034,0.168312,0.195335
0.078813,0.0916435,0.121124,0.13256,0.15712
0.0524579,0.080533,0.103212,0.133603,0.14668
0.0392735,0.0773978,0.0957473,0.123392,0.144108
0.0276918,0.0797951,0.0839425,0.11314,0.145582
0.0172962,0.0647221,0.0763277,0.0958376,0.136604
0.0144557,0.0505796,0.0772174,0.106781,0.132917
0.0106574,0.0451229,0.0694792,0.0975336,0.152624
0.00831267,0.0338415,0.0531385,0.0791216,0.147892
0.00653879,0.0260745,0.0434385,0.0716123,0.122996
0.00482015,0.020217,0.0363244,0.0600499,0.0847143
0.00345303,0.014952,0.0274741,0.0338239,0.0581518
0.019313,0.0253755,0.0396976,0.0528778,0.0671514
0.0128405,0.0227772,0.0295693,0.0379322,0.0581025
0.0178805,0.0255309,0.0298426,0.0446836,0.0556699
0.0179681,0.023979,0.0296968,0.0387889,0.0495632
0.0146554,0.019469,0.0268269,0.0329246,0.0405827
0.0119141,0.0150171,0.0215464,0.0292114,0.0320871
0.016173,0.0193893,0.0242979,0.0310125,0.03357
0.018096,0.0200468,0.0237593,0.0289381,0.0383151
0.0135909,0.0159031,0.0199444,0.0238553,0.0292801
0.00976406,0.0113468,0.0166853,0.0198336,0.0267183
0.00739157,0.00975548,0.0142128,0.0169507,0.0240213
0.00591168,0.00851188,0.0114431,0.0136855,0.0203835
0.00477904,0.00718891,0.0095778,0.0107957,0.017666
0.00385313,0.00588454,0.00820589,0.00981951,0.0144217
0.00326864,0.00502019,0.00667974,0.00788686,0.0119229
0.00283413,0.00461363,0.00613769,0.00788605,0.00997821
0.00260339,0.00467745,0.00551034,0.00669674,0.00773125
0.00254135,0.00361859,0.00428088,0.00615158,0.00619232
0.00230775,0.00309719,0.00381198,0.00498207,0.0062207
0.00214039,0.00258158,0.00311618,0.004476,0.00601032
0.00142396,0.00220411,0.00271917,0.00439635,0.00568648
0.000950702,0.00185508,0.00239044,0.00420095,0.00536023
0.00237962,0.00445166,0.00572783,0.00642922,0.0069511
0.00157975,0.00271014,0.00363518,0.00589781,0.00625702
0.00109326,0.00181145,0.00328471,0.00522817,0.00555518
0.00073646,0.0016246,0.00292216,0.00481508,0.0050377
0.000588747,0.001619,0.00249937,0.00448809,0.00487098
0.000519813,0.00163162,0.00209548,0.00412062,0.00435798
0.000491085,0.0014831,0.00175515,0.00390143,0.00421552
0.000458149,0.00136336,0.0016158,0.00373843,0.00393502
0.00322706,0.00550249,0.00601304,0.00901104,0.00985004
0.00228378,0.00397856,0.00498255,0.00566475,0.00769754
0.00692262,0.00928351,0.0123519,0.0167846,0.0208251
0.00995467,0.0110062,0.0172699,0.0212314,0.0271277
0.0255974,0.0316617,0.0385011,0.0492213,0.0590734
0.0254275,0.0288293,0.0378814,0.0503979,0.0559552
0.0242197,0.0248913,0.0295632,0.0353809,0.0398005
0.0261507,0.0302546,0.0381837,0.0429181,0.0460056
0.0315977,0.0392233,0.0567694,0.0645663,0.0667209
0.0304709,0.0319293,0.0447753,0.0489754,0.0491717
0.027401,0.0278941,0.0341829,0.0396896,0.0420891
0.0219925,0.0232727,0.0260121,0.0292873,0.0353423
0.0264672,0.0270821,0.0324839,0.0342957,0.0413771
0.021431,0.0238191,0.0247143,0.0277226,0.035807
0.0161228,0.0186502,0.0200332,0.0234403,0.0301834
0.00978116,0.0133532,0.0161221,0.0199561,0.0256569
0.0183715,0.0212299,0.0237285,0.0269604,0.0333978
0.0245009,0.0253082,0.0277354,0.0322187,0.038376
0.0251263,0.0256823,0.0276303,0.0318492,0.0387309
0.0258501,0.0265987,0.0293356,0.0339048,0.0400777
0.0189534,0.0196591,0.0238003,0.0277828,0.0328706
0.0130107,0.0171962,0.0209613,0.023449,0.0312228
0.0131889,0.0181484,0.0216001,0.0232728,0.031016
0.0226328,0.0244039,0.0268317,0.0302497,0.0363535
0.0170595,0.0188457,0.0222059,0.0253674,0.0311623
0.0101264,0.0151972,0.0182676,0.0201182,0.0268047
0.0303807,0.0355921,0.0454995,0.0515967,0.0543629
0.0278394,0.0337654,0.0379389,0.0411783,0.0481582
0.0252087,0.0262187,0.0286495,0.0324915,0.035924
0.0197204,0.0203596,0.0222543,0.0241589,0.0325904
0.0144936,0.0167041,0.0186231,0.0219735,0.0283794
0.0283824,0.0308003,0.0341494,0.0353051,0.0430823
0.0262622,0.027571,0.0299467,0.0323963,0.0417446
0.0197053,0.0222185,0.0239722,0.0262932,0.0307093
0.0153575,0.0166787,0.0190409,0.0222066,0.0278908
0.0105294,0.0119326,0.0151002,0.0190437,0.0233477
0.00893657,0.01394,0.0154115,0.0184832,0.0235749
0.0115849,0.0156928,0.0188639,0.0206395,0.0257221
0.00844814,0.0126072,0.0158412,0.017583,0.020356
0.00887483,0.0128712,0.0164031,0.0177979,0.0222799
0.00538922,0.0103125,0.0135401,0.0153965,0.0198519
0.00362096,0.00851384,0.0107343,0.0130725,0.016606
0.00277482,0.0064932,0.00833931,0.0102761,0.0141134
0.00302198,0.00617927,0.0073483,0.0091896,0.0118357
0.00926158,0.0103874,0.0145001,0.0179412,0.0202614
0.0148514,0.0179527,0.0236122,0.0290779,0.0296603
0.0141302,0.0164395,0.0190538,0.022413,0.0256964
0.0199316,0.0200315,0.0235926,0.0296092,0.0321349
0.0227659,0.0239489,0.0267581,0.0329058,0.0364727
0.0207851,0.0220405,0.0240729,0.0271016,0.0332618
0.0236067,0.0251948,0.0275252,0.0325425,0.0388761
0.0275865,0.0293539,0.0359697,0.0395894,0.0448685
0.0328493,0.0357462,0.0474009,0.0502303,0.0557189
0.0301165,0.0365587,0.0398104,0.0429121,0.0485464
0.0342729,0.0393058,0.0440512,0.0493082,0.0552553
0.0322196,0.0383803,0.0461828,0.0510883,0.0576969
0.0297766,0.0321146,0.0373376,0.0411099,0.0431497
0.0243441,0.0248668,0.028322,0.0322417,0.0431805
0.0278575,0.0284607,0.0337677,0.0371047,0.0456349
0.0263707,0.0284269,0.0332195,0.0366744,0.0452703
0.0214958,0.0235818,0.0258987,0.0276726,0.0379121
0.0466917,0.0538086,0.0607042,0.0696446,0.0766863
0.0386882,0.0465493,0.0535545,0.059486,0.0640037
0.0316216,0.0363515,0.0408108,0.0460693,0.0484455
0.0266654,0.0294501,0.0328039,0.0378831,0.0455018
0.0478615,0.0531768,0.0582571,0.0637736,0.0700631
0.0560217,0.0664178,0.0687691,0.079025,0.084708
0.0614059,0.068441,0.0742231,0.0836693,0.0938215
0.0451276,0.0520422,0.0586165,0.065808,0.0725237
0.0343269,0.0392691,0.0420617,0.0525788,0.0592466
0.0291861,0.0309185,0.0331041,0.0413796,0.0510858
0.0211537,0.0233856,0.0267025,0.0303093,0.0436985
0.0158256,0.0185708,0.0208779,0.0265441,0.0365774
0.0122571,0.0128112,0.0173875,0.0230789,0.0292393
0.00847468,0.00959147,0.0153173,0.0200091,0.0234444
0.0064478,0.00759912,0.0128409,0.016669,0.019127
0.0129515,0.0179659,0.0187234,0.0226213,0.0244684
0.0122905,0.0139253,0.0160421,0.0179489,0.0209978
0.00706583,0.0104121,0.0130225,0.0167789,0.0176837
0.00481927,0.00775806,0.0107265,0.0144687,0.0155446
0.00305834,0.00598531,0.00881422,0.0122888,0.0136991
0.00242192,0.00459576,0.00747968,0.0106656,0.0117466
0.00234423,0.00451727,0.00633884,0.00903202,0.0107064
0.00217827,0.00426068,0.00557457,0.00704396,0.00885828
0.00236076,0.00411744,0.0051992,0.00611056,0.00751074
0.00240986,0.00352232,0.00414715,0.00568796,0.00649875
0.0088298,0.0124643,0.013141,0.0170049,0.0194812
0.0162521,0.0206014,0.0256435,0.0335424,0.0355154
0.0195982,0.0227546,0.0263409,0.0330842,0.0359077
0.0214929,0.0218567,0.0270046,0.0317246,0.0319229
0.0182081,0.0198017,0.0205524,0.0215747,0.0259982
0.0198554,0.0206141,0.0227409,0.0249766,0.0304558
0.0149923,0.0169546,0.0194408,0.0217637,0.0239741
0.0127024,0.0149403,0.0157298,0.019137,0.0225238
0.0113954,0.0121442,0.0131251,0.0162464,0.0199829
0.00827506,0.00939803,0.0107772,0.0129813,0.0169104
0.00573403,0.00746671,0.00855284,0.011171,0.0146441
0.00368714,0.00579412,0.00719587,0.00984269,0.0123994
0.00266017,0.00517293,0.00616265,0.00856155,0.0101889
0.00814066,0.0102144,0.0116384,0.013414,0.0156775
0.023478,0.0251274,0.0340286,0.0389464,0.0396662
0.0323224,0.03419,0.0489809,0.0574325,0.0633323
0.0303012,0.0333456,0.0421123,0.0487702,0.0553035
0.0312484,0.0379055,0.0478517,0.0519325,0.0550658
0.0295989,0.033121,0.0363135,0.0431249,0.0467175
0.0233083,0.0268927,0.0273667,0.0353229,0.0388827
0.0206334,0.0242849,0.0269291,0.0312729,0.035405
0.0218629,0.0282512,0.0290713,0.0329502,0.0350957
0.0200914,0.0223612,0.0246945,0.0300217,0.0316959
0.0177777,0.0186283,0.0222489,0.0243106,0.0289693
0.0129004,0.0152768,0.0180795,0.0217228,0.0249527
0.0117491,0.0122859,0.0147968,0.0187392,0.0233843
0.00939182,0.0100426,0.0127404,0.0161585,0.020368
0.00829759,0.00840915,0.0107219,0.0136007,0.0180059
0.00722409,0.00745792,0.00891614,0.0118,0.0161374
0.00607943,0.00670051,0.0076794,0.0102497,0.0142594
0.00525,0.00615116,0.00669753,0.00918339,0.0130387
0.00471786,0.00534034,0.00610548,0.00777498,0.0123214
0.00430286,0.00495494,0.00561993,0.00688479,0.0101065
0.00365748,0.0044441,0.00531292,0.00628256,0.00923674
0.00339907,0.00412718,0.00480788,0.00565657,0.0087434
0.00322113,0.00400984,0.00467972,0.00532155,0.00822831
0.00290448,0.00327898,0.00434067,0.00531393,0.00751223
0.00274884,0.00295176,0.00395832,0.00480683,0.00738725
0.0024026,0.00289772,0.00338068,0.00481985,0.00673009
0.00207122,0.00281567,0.00307686,0.00480707,0.00617151
0.00178577,0.00250047,0.00295202,0.00471066,0.00543693
0.00155039,0.00219508,0.00279238,0.00473676,0.00495107
0.00137255,0.00203277,0.00281093,0.00437108,0.00480461
0.00124271,0.00184821,0.00278826,0.00427291,0.00477596
0.00112947,0.00179709,0.0027297,0.00387681,0.00485559
0.00102415,0.0017178,0.00268678,0.0038135,0.00476661
0.000971435,0.00164412,0.00268228,0.00387436,0.00480767
0.000899946,0.00160418,0.00264601,0.00377581,0.00459169
0.000917434,0.00159197,0.002595,0.00374859,0.00464254
0.00161288,0.00209562,0.0027316,0.00425566,0.00468803
0.00180618,0.00242561,0.00285176,0.00417602,0.00472406
0.0017225,0.00234984,0.00276029,0.00380533,0.00459847
0.00167114,0.00264081,0.00279739,0.00366611,0.00444557
0.00156753,0.00260382,0.00264759,0.00363399,0.00440751
0.00139262,0.0022969,0.00254842,0.00360653,0.00442124
0.00125757,0.00207691,0.00250901,0.0036088,0.0040881
0.00115751,0.00180742,0.00248679,0.00361904,0.00399068
0.00103777,0.0016999,0.00239777,0.00356878,0.00380189
0.000977086,0.00166599,0.00243043,0.003567,0.00368142
0.000927406,0.00142546,0.00231654,0.00353744,0.00359594
0.0009113,0.00139847,0.00230278,0.0034598,0.00367216
0.000931082,0.00125465,0.0024024,0.00343168,0.00368113
0.00371187,0.00706094,0.0102351,0.0145939,0.0174785
0.006345,0.00934961,0.0125815,0.0228704,0.024585
0.00587697,0.00895366,0.0118379,0.0172141,0.0218981
0.00582699,0.00746866,0.0118761,0.0163995,0.018695
0.00603529,0.00642553,0.0101716,0.0144386,0.0152647
0.00547868,0.00572781,0.00847843,0.0116142,0.0118282
0.00488407,0.00488596,0.00647603,0.0100425,0.0104136
0.00400082,0.00442305,0.00611177,0.00892929,0.00921742
0.00372159,0.00414857,0.00547429,0.00697766,0.00780841
0.00341796,0.00376868,0.0050084,0.00578182,0.00669212
0.0033317,0.00353849,0.0043225,0.00526947,0.00574915
0.00312611,0.00348403,0.00373824,0.0048301,0.00519274
0.00295861,0.00314428,0.00346394,0.00411227,0.00508879
0.00260375,0.00279276,0.00328517,0.00395827,0.00480558
0.00229537,0.00262842,0.00317437,0.00375176,0.0046109
0.00195489,0.00245075,0.00302818,0.00336402,0.00438861
0.00170085,0.00221218,0.00296874,0.0035142,0.0042726
0.00144133,0.00217586,0.00284929,0.00344107,0.0041855
0.00125577,0.00208038,0.00268573,0.00340726,0.00401136
0.00115648,0.0019619,0.00256497,0.0034382,0.00370196
0.00106687,0.00187908,0.00250001,0.0034557,0.00363306
0.000980348,0.00175573,0.00244536,0.00326543,0.00347516
0.000854677,0.00167081,0.0024128,0.00304841,0.00352723
0.000855431,0.00163104,0.00230296,0.00298481,0.00344463
0.00075412,0.00159035,0.0021985,0.00304343,0.0032685
0.000741333,0.00152039,0.00218218,0.00293362,0.00336291
0.00074793,0.00149898,0.00217617,0.00289667,0.00341184
0.000754843,0.00146219,0.00220468,0.00288002,0.00338976
0.000865912,0.0015098,0.0022552,0.00324783,0.0035111
0.00119476,0.00142905,0.00227339,0.00299521,0.00344164
0.00126296,0.00153009,0.00224781,0.00301592,0.00326179
0.00110575,0.0016388,0.00223718,0.00294999,0.00327657
0.0010614,0.00163328,0.00224001,0.00297074,0.00312114
0.00097167,0.00156669,0.00220677,0.00268875,0.00288611
0.000899446,0.0014528,0.00211579,0.00256309,0.0030455
0.000807386,0.00193543,0.00224682,0.00300242,0.00332821
0.00114195,0.00202662,0.00259059,0.00345722,0.00370607
0.00133858,0.00202611,0.00270382,0.00354811,0.00415017
0.00169403,0.0019909,0.0026159,0.00343831,0.00390069
0.00181694,0.0019739,0.00266792,0.00311402,0.00407367
0.0017062,0.00189123,0.00230961,0.00319887,0.00395214
0.00165332,0.00186879,0.00207443,0.00311868,0.00354148
0.00151148,0.00178123,0.00199615,0.00304458,0.00325543
0.00134851,0.00153169,0.00201478,0.00304224,0.0032334
0.00116792,0.00139375,0.00200935,0.00306161,0.0032171
0.00105164,0.00127605,0.00197616,0.00294874,0.00323926
0.00110409,0.00124043,0.00193891,0.00289502,0.00304334
0.00092782,0.0012253,0.00192829,0.00279503,0.00293325
0.000795079,0.00118179,0.00194576,0.0027423,0.00299862
0.000726649,0.00116471,0.00186277,0.0026889,0.00304127
0.000772865,0.00118371,0.00179743,0.00272572,0.00293831
0.000760312,0.00117287,0.00178619,0.00261517,0.0028076
0.00607174,0.00808766,0.00874213,0.0131439,0.0148774
0.00639451,0.00778944,0.00929964,0.0135246,0.0164562
0.00632648,0.00828582,0.0086142,0.0103563,0.0137131
0.00524564,0.00685327,0.00775178,0.0105114,0.0119481
0.00567181,0.00815839,0.00901499,0.0125569,0.0143585
0.00579324,0.0130352,0.015478,0.0189924,0.0288096
0.0059471,0.0109701,0.0138265,0.0205048,0.0278676
0.00529058,0.00861417,0.0118603,0.0188932,0.0209037
0.00524779,0.00786809,0.00987961,0.0158909,0.0190979
0.00445734,0.00629151,0.00792552,0.0138081,0.0173952
0.00400034,0.00450642,0.00703338,0.0119196,0.0155654
0.00365937,0.00397799,0.00597988,0.00945965,0.0141607
0.00334149,0.00370538,0.00510703,0.00761167,0.0122808
0.00293312,0.00550373,0.00918946,0.0116544,0.01733
0.00285834,0.00508883,0.00879818,0.0102771,0.0227401
0.00260898,0.00469541,0.00784693,0.00961396,0.0206374
0.00244635,0.00504445,0.00680269,0.00819955,0.016209
0.00222468,0.00454015,0.00569995,0.00705606,0.0106494
0.00210405,0.00407737,0.00500205,0.00586638,0.0063584
0.00199291,0.00306739,0.00467786,0.00525694,0.00554021
0.00176783,0.00227149,0.00450048,0.0050561,0.00577737
0.00163645,0.00201766,0.00425952,0.00473009,0.00532951
0.00177087,0.00194481,0.00374947,0.00416127,0.0047594
0.00163731,0.00199672,0.00325837,0.00395392,0.00448471
0.00168591,0.00186717,0.00287059,0.00361848,0.00422752
0.00161887,0.00175675,0.00251005,0.00340243,0.00389084
0.0013499,0.00173723,0.00231455,0.00330296,0.00373274
0.00114543,0.00175888,0.00220069,0.00312761,0.00334554
0.000987996,0.00158969,0.00214009,0.00294822,0.00318478
0.000852514,0.00152756,0.00204095,0.00284762,0.0029442
0.000769946,0.00163682,0.00187369,0.00263404,0.00295315
0.00096849,0.00167271,0.00175015,0.00245741,0.00306323
0.000922374,0.00150122,0.00169647,0.00226493,0.00296961
0.000873778,0.00140519,0.00168247,0.00222015,0.00300414
0.000862169,0.00128342,0.00163937,0.00228872,0.00295039
0.000876377,0.00120623,0.00164104,0.00223286,0.00293464
0.000822191,0.00111269,0.00160013,0.00223808,0.0028385
0.000738623,0.000950299,0.00156407,0.0021992,0.00283067
0.000716042,0.000948934,0.00154501,0.00218613,0.00269744
0.000699967,0.000912309,0.00152546,0.00216592,0.00272471
0.000672104,0.000859386,0.00150656,0.00214002,0.00252721
0.000588948,0.000822643,0.00149741,0.0021196,0.00237138
0.000623785,0.000770066,0.00143311,0.00217324,0.00229279
0.000660625,0.000736609,0.00143949,0.00202896,0.00233964
0.000622964,0.000763396,0.00143294,0.00191076,0.00233553
0.0005934,0.000744102,0.00144359,0.00183608,0.00228783
0.000560131,0.000733747,0.00136413,0.00185866,0.00224976
0.000559647,0.000721573,0.00127128,0.0018573,0.00226821
0.000544452,0.000693373,0.0011857,0.00185142,0.00222841
0.0012438,0.00131954,0.00241265,0.00331116,0.0036404
0.00138425,0.00172924,0.00217322,0.00307785,0.00384931
0.00172017,0.00245959,0.00292903,0.00403652,0.00509588
0.00181613,0.00281145,0.00364215,0.00454475,0.00546272
0.0019837,0.00261488,0.00362491,0.00414595,0.00503655
0.00252769,0.00362629,0.00547474,0.00821574,0.0142402
0.00310677,0.00453449,0.00540861,0.00857712,0.0113688
0.0029408,0.00480649,0.0051574,0.00730308,0.0102923
0.0026982,0.00454746,0.00488183,0.00587375,0.00810315
0.00493398,0.00590333,0.0065019,0.00766051,0.00823307
0.00475587,0.00559977,0.00562146,0.00679266,0.00778969
0.0042049,0.00459551,0.0048948,0.00624078,0.00705825
0.00364957,0.00390224,0.00458424,0.0056073,0.00617346
0.00302651,0.00331763,0.00402262,0.00478639,0.00541727
0.00280147,0.00297378,0.00363415,0.00443351,0.00500857
0.00219804,0.00266518,0.00329541,0.00409356,0.00478918
0.00194289,0.00248364,0.00318415,0.0039265,0.00438342
0.00175065,0.00221038,0.00285079,0.00365196,0.00382115
0.00163522,0.00209717,0.00254171,0.00340637,0.00350801
0.0016043,0.00183802,0.00226496,0.00309804,0.00325092
0.00147889,0.00176898,0.00207836,0.00273306,0.00313833
0.00137183,0.00214857,0.00258547,0.0041582,0.00464216
0.00133938,0.00233089,0.00294653,0.00422798,0.00498791
0.00369938,0.00648021,0.00898376,0.015568,0.0215536
0.00600231,0.0100481,0.0113297,0.0161657,0.0281058
0.00554225,0.0115922,0.0133066,0.0194372,0.0345575
0.00452496,0.0117049,0.0135517,0.0166392,0.0307643
0.0037986,0.00877529,0.0111284,0.0157632,0.0234584
0.0035047,0.0080441,0.00939232,0.0153476,0.0182366
0.00285567,0.00620443,0.00771637,0.0138249,0.0168169
0.0018485,0.00577569,0.0068,0.0117432,0.0155035
0.0016695,0.00421896,0.00598699,0.0098551,0.0135269
0.00138514,0.00338702,0.00519096,0.0093052,0.0107695
0.00272712,0.00365934,0.0051136,0.00867797,0.00975982
0.00457867,0.00497409,0.00641405,0.00788652,0.00991806
0.018237,0.021123,0.0301399,0.0361869,0.0418217
0.0195231,0.0237689,0.0289976,0.0319316,0.036055
0.0301564,0.0349275,0.0391613,0.0485176,0.0540671
0.055474,0.0869634,0.108157,0.124369,0.136696
0.0657417,0.0858123,0.0961899,0.136987,0.161302
0.0936215,0.118325,0.128515,0.163825,0.235599
0.0760406,0.121736,0.14044,0.185724,0.210076
0.0766492,0.097489,0.1276,0.139615,0.163673
0.0426251,0.0722688,0.0811553,0.102888,0.108914
0.0396745,0.0468337,0.06764,0.0763147,0.0836478
0.0387602,0.0405757,0.0516586,0.062779,0.0697226
0.0314388,0.0366678,0.0408648,0.0535953,0.0572229
0.0229931,0.0316415,0.0391716,0.0461164,0.0562945
0.0174893,0.028851,0.0313451,0.0377844,0.0434578
0.0125791,0.0233342,0.0272304,0.0322577,0.0349336
0.00886052,0.0200572,0.0226529,0.0287044,0.0311356
0.0072103,0.0173034,0.0189007,0.0238566,0.027309
0.00442542,0.014087,0.0156292,0.0186377,0.023378
0.00338121,0.0115632,0.0137371,0.0163501,0.0214668
0.00290545,0.0102336,0.0127999,0.0154906,0.0190072
0.00230473,0.00813398,0.0112694,0.0129563,0.0196392
0.00237603,0.00660075,0.00952622,0.0112712,0.022974
0.0025156,0.00560948,0.00819443,0.00992497,0.0196506
0.00647805,0.0156509,0.0210532,0.0430561,0.0754368
0.00556025,0.0177988,0.024411,0.0467376,0.081107
0.00475527,0.0149671,0.0246607,0.0373233,0.074513
0.00397343,0.0102753,0.0238021,0.0315829,0.0550486
0.00340368,0.00757828,0.0205363,0.0309907,0.042484
0.002929,0.00567043,0.0194703,0.0275139,0.0335938
0.0023781,0.00474026,0.0164117,0.0250672,0.0365804
0.0021108,0.00349142,0.0120357,0.022002,0.0382365
0.00159945,0.00320287,0.00933789,0.0200903,0.0349515
0.00139727,0.0028375,0.00692527,0.0161598,0.028614
0.00121539,0.00234281,0.00571237,0.0128639,0.0231656
0.0144126,0.0194753,0.0208742,0.0236964,0.0333461
0.0117006,0.0149005,0.0180511,0.0219856,0.029928
0.00948708,0.0117356,0.0140014,0.0185897,0.0246513
0.0066108,0.0089017,0.0107778,0.0163069,0.0176735
0.00604043,0.00683916,0.00914811,0.0140405,0.0164927
0.00458986,0.00526453,0.00766007,0.0112452,0.0150795
0.00292634,0.00433872,0.00642357,0.00752096,0.0135428
0.00302824,0.00375495,0.00527436,0.00629028,0.0121061
0.00192787,0.00350427,0.00480873,0.00768395,0.00962934
0.0010761,0.00287336,0.00413498,0.00654055,0.0177948
0.000943526,0.00234533,0.00348223,0.00543691,0.00844013
0.000763126,0.00196581,0.00289721,0.00487904,0.0054383
0.000701208,0.00185655,0.00259602,0.00423384,0.00493489
0.000643381,0.00175907,0.00244215,0.00359303,0.00489421
0.000601896,0.00153101,0.00231557,0.0035103,0.00495352
0.000594903,0.00143022,0.00229451,0.00351201,0.00469282
0.000568953,0.00141515,0.00195103,0.00326123,0.00439786
0.000541976,0.00137916,0.00184072,0.0032582,0.00404129
0.00049368,0.0013811,0.00179942,0.0031933,0.00350387
0.00342066,0.00490676,0.00701934,0.00863931,0.00946072
0.00407244,0.00543561,0.00701371,0.00815502,0.00977745
0.00308929,0.0048815,0.0053792,0.00717898,0.00828315
0.00279249,0.00391452,0.00472379,0.0061497,0.00705884
0.00165445,0.00306034,0.0042181,0.00536639,0.00662128
0.00118282,0.00239,0.00381267,0.00435987,0.0065785
0.00244969,0.00401649,0.00416935,0.00579563,0.00636509
0.0140683,0.0181024,0.0205101,0.0257686,0.0282146
0.0114683,0.0140209,0.0180478,0.0236849,0.0253943
0.0120581,0.0124426,0.0139594,0.0174243,0.0186654
0.00718634,0.0103629,0.010995,0.0117391,0.016185
0.00368632,0.00806108,0.00870877,0.00984193,0.0119709
0.00380184,0.0062717,0.00687232,0.00782888,0.00857115
0.00335893,0.00481637,0.00540532,0.00592837,0.00739008
0.00303656,0.0037406,0.00430174,0.00500811,0.00656662
0.00247233,0.00283946,0.00352756,0.00414818,0.00571115
0.001742,0.00253773,0.00299377,0.00336909,0.00501821
0.00112888,0.00214295,0.00254493,0.00306409,0.00431439
0.000887483,0.00177432,0.00226195,0.00253665,0.00388122
0.000757659,0.00181861,0.00190717,0.00235344,0.00340334
0.000633823,0.00141765,0.00169988,0.00227652,0.00312284
0.0012835,0.00291972,0.00306781,0.00360824,0.00416092
0.00179959,0.00240769,0.00317269,0.00476483,0.0053709
0.00146148,0.00194752,0.0028012,0.00400334,0.00465835
0.00103714,0.00177466,0.00216581,0.00347714,0.00396469
0.000738288,0.00125822,0.0018791,0.00294197,0.00331998
0.00298948,0.00341801,0.00551296,0.00755182,0.00864874
0.00785953,0.0081242,0.0107328,0.0155127,0.0188733
0.0221968,0.0262276,0.0341135,0.0414809,0.0516659
0.0208695,0.0223816,0.0270824,0.0378922,0.0404971
0.0185465,0.0187842,0.02176,0.026739,0.0295339
0.0112064,0.0148233,0.0163131,0.019835,0.0219862
0.00476964,0.0121484,0.0129595,0.0155405,0.0183636
0.00310172,0.00982739,0.01014,0.0115509,0.0152149
0.00209953,0.00724308,0.00807302,0.0090262,0.0120225
0.00189111,0.00542703,0.00624338,0.00794006,0.00906024
0.00155818,0.00424061,0.00489238,0.00648167,0.00779442
0.00251143,0.00374972,0.00477064,0.00539381,0.00678686
0.00180121,0.00300119,0.00362106,0.00418167,0.00570572
0.00145794,0.00240282,0.00286141,0.0035519,0.00496683
0.0016544,0.00228815,0.00281404,0.00378629,0.00488447
0.00127583,0.00153721,0.00235854,0.0030033,0.00432277
0.00102454,0.0012281,0.00206358,0.00266731,0.00377184
0.000762531,0.0011095,0.0018719,0.00244232,0.00338075
0.000638022,0.00106591,0.00164017,0.00211848,0.00309506
0.000544597,0.00101391,0.00146703,0.00185611,0.00277953
0.000495104,0.00095716,0.00138702,0.00195753,0.00243372
0.000459539,0.000892952,0.00124361,0.00189089,0.00211518
0.000439239,0.000858602,0.00115122,0.00171234,0.00219011
0.000414193,0.000816627,0.00111787,0.00151747,0.00204572
0.000399264,0.00076311,0.001088,0.00158081,0.00195442
0.00036362,0.000694154,0.00102785,0.00158297,0.00174071
0.000345809,0.000789222,0.00103923,0.00161753,0.00178248
0.000302334,0.000713328,0.000990584,0.00156888,0.00170956
0.000342392,0.000690912,0.000949367,0.0014993,0.00173246
0.000339259,0.000676174,0.000938375,0.00146706,0.00175843
0.000349778,0.000599827,0.00092491,0.00137072,0.00169236
0.000346927,0.000588521,0.000913795,0.00135685,0.00164849
0.000323746,0.000594135,0.000889772,0.00132037,0.00163403
0.00103761,0.00217444,0.0023492,0.00404004,0.00433654
0.00429898,0.00718179,0.00862793,0.0110168,0.0119923
0.00577545,0.00938604,0.0132351,0.0168684,0.0223919
0.0167586,0.022468,0.0273769,0.0367444,0.0452195
0.0139579,0.0165427,0.0212085,0.0312591,0.0348907
0.0105994,0.0160233,0.0190751,0.0264531,0.0294419
0.011181,0.0179272,0.0192413,0.0232864,0.0262071
0.0128414,0.0190553,0.0209723,0.0228882,0.0270012
0.00769635,0.0143312,0.0164546,0.0185864,0.021397
0.00561896,0.011581,0.0129865,0.0147607,0.0151209
0.0122646,0.0173118,0.0217903,0.0236362,0.0271666
0.00852521,0.0140759,0.0167048,0.019344,0.0198876
0.0110373,0.0168839,0.0199899,0.02246,0.0235297
0.0181848,0.0205518,0.0249525,0.0293031,0.031629
0.0154557,0.018276,0.0205705,0.0226495,0.0260052
0.0083383,0.0124623,0.0159639,0.0188149,0.0215661
0.00960907,0.0137551,0.0176167,0.019037,0.0239865
0.0167411,0.0190807,0.0225589,0.0244899,0.0298455
0.0116117,0.0142265,0.0179467,0.0205583,0.0249288
0.00914368,0.0119754,0.0159919,0.017113,0.0225632
0.0065991,0.00985494,0.0123494,0.0139343,0.0186902
0.00505726,0.00810183,0.00975205,0.0117717,0.0156469
0.00479895,0.00716816,0.00905874,0.0116411,0.0148582
0.00319978,0.00605681,0.00701127,0.0100726,0.0121467
0.00550523,0.00916966,0.0111068,0.0133548,0.0156872
0.00423075,0.00699336,0.00935311,0.0101255,0.0135273
0.00304332,0.00614321,0.00768329,0.00905255,0.0115624
0.00341078,0.00561751,0.00766585,0.00801281,0.0108142
0.0030144,0.00475366,0.00611213,0.00700989,0.00915389
0.00188135,0.00406456,0.00488881,0.00601304,0.00748963
0.00153583,0.00368443,0.00401384,0.00509096,0.00662341
0.00137804,0.00276726,0.00323125,0.0043143,0.00609743
0.00113184,0.00205905,0.00262094,0.00346479,0.00534135
0.00176357,0.00239861,0.00305685,0.00378368,0.00523659
0.00152841,0.00199376,0.0026284,0.00300798,0.00438804
0.00108839,0.00166247,0.00222692,0.00278839,0.00378325
0.00092285,0.00149966,0.00198807,0.00249513,0.00325451
0.000713431,0.00127582,0.00161112,0.00233167,0.00262124
0.000620997,0.000934774,0.00136354,0.00210488,0.00225687
0.000524145,0.000791155,0.00119169,0.00199646,0.0022825
0.000501879,0.000665694,0.00112539,0.00175702,0.00218135
0.000504383,0.000632293,0.00108849,0.00174878,0.00186219
0.000465325,0.000591014,0.00107644,0.00172179,0.00192729
0.000396771,0.000511559,0.00105408,0.00160977,0.0019223
0.000334999,0.000534638,0.000989853,0.00141847,0.00190271
0.000291793,0.00051417,0.00096931,0.00128722,0.00192755
0.000262289,0.000491619,0.000895024,0.00137743,0.00200363
0.00204952,0.00241546,0.00298526,0.0046815,0.0057928
0.0015164,0.00217989,0.00303323,0.00494463,0.00577105
0.0013238,0.00199216,0.00262289,0.00434531,0.0054084
0.00147661,0.00243594,0.00300384,0.00499205,0.0056457
0.00135639,0.00211044,0.00264958,0.0044373,0.00505661
0.00281533,0.00282408,0.00355541,0.00599451,0.00630686
0.00184571,0.00234786,0.00296452,0.00482554,0.00552632
0.00126813,0.00195057,0.00237389,0.00404176,0.00456649
0.000941449,0.0014136,0.00194753,0.00333666,0.00351298
0.00075123,0.00103569,0.00159071,0.00258795,0.00301416
0.000691839,0.000845414,0.00131292,0.00234202,0.00259614
0.000618445,0.00115645,0.00149479,0.00241247,0.00264498
0.000551789,0.000992687,0.0012171,0.00226868,0.00246378
0.000450402,0.000927796,0.00106365,0.0020408,0.00242979
0.00035058,0.000836151,0.000969193,0.00170244,0.00220479
0.000277181,0.000733328,0.00089135,0.00166006,0.00188944
0.000224012,0.000659045,0.000829321,0.00156617,0.00176254
0.000204446,0.000591481,0.0008049,0.0014677,0.00162478
0.000166744,0.00057055,0.000789837,0.00147275,0.00155631
0.00015316,0.00056948,0.00078074,0.00146947,0.00148195
0.000144867,0.000550832,0.000772575,0.0013836,0.00146545
0.000135454,0.000538217,0.000755121,0.00128707,0.00144552
0.00283142,0.0033635,0.00393063,0.00603165,0.00754881
0.00214439,0.00274032,0.0037507,0.00603945,0.00670657
0.00326678,0.00453102,0.00582694,0.00643043,0.00748157
0.00245355,0.0029792,0.00440646,0.00566688,0.00745652
0.00234389,0.0026196,0.00353288,0.00496012,0.0062356
0.00219812,0.00242458,0.00285362,0.00447073,0.00509264
0.00211736,0.00220001,0.00255911,0.0038554,0.00404072
0.00174613,0.00203985,0.00223683,0.00340675,0.00360288
0.0015379,0.00168362,0.00205996,0.00295635,0.00322742
0.00132162,0.00157243,0.00203153,0.00257879,0.00272137
0.00116695,0.00143817,0.0017318,0.00226845,0.00303075
0.00106511,0.00132044,0.00165936,0.00206216,0.00300612
0.00167674,0.00396517,0.00622111,0.0113813,0.0166654
0.00304364,0.00838682,0.0154534,0.0215712,0.0334178
0.00998583,0.0202088,0.0258507,0.0319049,0.052964
0.0280766,0.0327952,0.0386238,0.0433349,0.0582586
0.0272355,0.0276662,0.0299717,0.0342987,0.0397915
0.0218806,0.0220984,0.0240963,0.0272518,0.0285755
0.0171538,0.0178465,0.0201849,0.0228338,0.0249133
0.0120925,0.0149168,0.0160067,0.0179436,0.0219581
0.0085831,0.0126075,0.012984,0.0143481,0.0193563
0.0062352,0.00997067,0.010372,0.0125273,0.0166545
0.0117816,0.0134971,0.0146873,0.0165241,0.0188478
0.01441,0.0151981,0.0176445,0.0189987,0.0206588
0.0126265,0.0134382,0.0151652,0.0174216,0.018086
0.0115403,0.012907,0.0136072,0.0163655,0.0166943
0.00934565,0.0106862,0.0114153,0.0138298,0.0150633
0.0157246,0.0169068,0.0183036,0.0196748,0.0209135
0.0375872,0.0383866,0.0511596,0.0630129,0.0700042
0.0376898,0.0433419,0.0537837,0.0629605,0.0715799
0.0381329,0.047856,0.0518863,0.0609425,0.071125
0.0335289,0.0433944,0.0491857,0.0548146,0.0572524
0.0273126,0.032172,0.0357487,0.0450578,0.0496354
0.0300359,0.0348273,0.0411704,0.0475237,0.0475652
0.034192,0.0387251,0.0463479,0.0496948,0.0533372
0.0469277,0.0485517,0.0577022,0.0651702,0.0750455
0.0338975,0.0410247,0.0441139,0.0524526,0.0551273
0.0295643,0.0299735,0.0359864,0.0427007,0.0464652
0.0222756,0.0251646,0.0286431,0.0343576,0.039589
0.018857,0.0201959,0.0247454,0.0285303,0.0321771
0.0144976,0.0168543,0.0197284,0.0250044,0.0256483
0.0108914,0.0145646,0.0157969,0.0204659,0.0232087
0.00806286,0.0121294,0.0132407,0.0174859,0.0209604
0.00654607,0.0097822,0.0114345,0.0144967,0.0186251
0.00517141,0.00791953,0.00968234,0.0112804,0.0172782
0.00423724,0.00645345,0.00834564,0.0101572,0.0151968
0.00368121,0.00542046,0.00726279,0.00901328,0.013673
0.00341865,0.00485459,0.00630279,0.00785414,0.0128437
0.00299768,0.00431521,0.00548862,0.00670012,0.0108488
0.00284696,0.00356062,0.0048675,0.00566528,0.00895153
0.00235172,0.0030706,0.00428911,0.00468827,0.00751643
0.00197937,0.00291016,0.0038444,0.00406089,0.00644432
0.00177014,0.00267197,0.00343765,0.0039841,0.0061645
0.00164892,0.00255902,0.00311911,0.00376154,0.00578973
0.0015617,0.00220208,0.00283026,0.00360287,0.00545818
0.00151401,0.00192267,0.0025823,0.00335028,0.0051931
0.00145538,0.0017671,0.00236363,0.00299049,0.00500084
0.00134839,0.00184434,0.00230027,0.00289907,0.00483839
0.0012446,0.00184096,0.00216626,0.002861,0.00454186
0.00119743,0.00162294,0.00200399,0.00285466,0.00428414
0.00123294,0.0014939,0.00180265,0.00286324,0.00389565
0.00105548,0.00138845,0.00170368,0.00285918,0.00343439
0.000916673,0.00119171,0.00161111,0.00290665,0.00318105
0.000806426,0.00119153,0.00154573,0.00287184,0.00327566
0.000712513,0.00119349,0.00139571,0.00280595,0.00320398
0.000642661,0.00114607,0.00139025,0.00262298,0.00293823
0.000581543,0.00110101,0.00137109,0.00252733,0.00272015
0.000581084,0.00108876,0.00135835,0.00238453,0.00258761
0.000512681,0.0010866,0.00131457,0.00222577,0.00256717
0.000514706,0.00106914,0.00130196,0.00206364,0.00250892
0.000516406,0.00107213,0.00128192,0.00206593,0.00245745
0.000505542,0.00105161,0.0012756,0.00203016,0.00244175
0.000502506,0.00103658,0.00125916,0.00206733,0.00235355
0.000488104,0.00103417,0.00125026,0.00203128,0.00231395
0.000488422,0.00104001,0.00119566,0.00182202,0.002246
0.000475242,0.00101923,0.0011577,0.00176748,0.00217903
0.000475832,0.000904666,0.00113569,0.00176887,0.00211975
0.000452837,0.000814329,0.00111998,0.00178458,0.00213939
0.000467973,0.000722861,0.00110509,0.00178121,0.00206155
0.000523018,0.000956595,0.00116491,0.00172188,0.00197998
0.000528162,0.000935298,0.00116471,0.00170669,0.00193587
0.000525929,0.000939056,0.00114488,0.00170998,0.00185155
0.000525361,0.000930492,0.00114301,0.00149577,0.00184889
0.0005296,0.000910977,0.00118267,0.00157242,0.00187225
0.000591361,0.000916779,0.00110353,0.00155179,0.00186406
0.000576151,0.000890392,0.00105407,0.00151634,0.00186668
